Processing time:
54 79 16 66 58
83 3 89 58 56
15 11 49 31 20
71 99 15 68 85
77 56 89 78 53

Setup time:
9 27 41 8 36
47 21 39 2 6
2 38 6 8 44
37 38 20 24 33
27 38 25 15 10

24 11 41 49 23
34 12 26 14 37
17 7 19 10 34
45 35 9 8 28
41 14 25 8 11

21 30 43 8 26
32 12 40 6 36
25 35 18 33 10
14 16 30 11 42
15 22 27 13 18

24 37 3 42 3
28 19 5 25 44
32 19 11 34 19
1 20 27 6 40
17 6 13 45 6

17 23 12 21 18
13 20 40 17 1
2 29 24 5 17
34 35 22 10 32
32 33 17 30 8

Due dates (exponential distribution):
425
644
599
427
705
