Processing time:
26 59 78 88 69
38 62 90 54 30
27 44 64 47 61
88 10 49 83 35
95 23 47 84 53

Setup time:
11 13 19 14 44
25 11 29 31 22
45 19 24 39 45
7 6 3 10 44
2 15 7 49 20

9 8 5 15 1
41 19 44 20 23
29 25 6 46 24
18 46 5 13 47
49 22 43 1 5

15 17 41 27 38
31 15 48 16 37
25 10 22 5 15
20 46 38 10 11
14 34 44 32 11

13 44 48 29 14
20 13 31 36 4
17 12 9 18 20
45 25 14 11 37
19 11 49 41 16

9 47 43 12 1
49 17 45 6 23
3 9 18 38 12
27 48 31 20 23
36 14 2 43 21

Due dates (exponential distribution):
1351
1154
970
448
446
