Processing time:
71 13 61 21 91
27 11 25 8 13
55 73 52 5 7
90 43 72 8 95
11 27 89 58 20

Setup time:
7 35 14 28 45
19 23 7 6 36
49 12 14 31 13
7 32 4 12 11
25 43 48 6 13

14 30 2 1 20
5 16 13 35 39
30 29 15 44 19
7 11 41 23 45
48 48 1 15 22

6 10 9 8 49
44 8 48 40 33
20 12 15 13 33
36 18 19 11 5
30 18 37 18 18

19 32 36 16 25
11 7 3 16 6
12 32 13 41 48
1 45 7 15 47
41 10 16 16 7

24 29 14 14 26
31 22 36 6 19
12 37 16 35 9
32 28 40 20 19
14 16 29 13 13

Due dates (exponential distribution):
1047
211
429
919
848
