Processing time:
34 5 86 28 8
20 48 35 39 91
57 80 5 55 45
47 43 93 21 55
62 34 74 25 75

Setup time:
20 17 10 29 23
30 16 3 24 40
48 42 19 43 18
44 47 17 16 14
15 42 42 49 17

9 33 33 33 16
25 8 49 39 22
26 41 8 15 31
22 1 26 13 11
30 16 32 27 8

9 11 20 29 16
34 11 47 22 41
31 6 12 40 44
18 38 8 20 34
46 8 48 10 15

8 42 37 48 35
36 12 29 1 1
48 48 8 24 49
14 49 44 7 5
32 35 8 46 13

8 27 43 44 5
34 21 33 14 44
10 10 7 31 45
22 24 27 15 43
12 43 45 15 5

Due dates (exponential distribution):
633
340
856
597
502
