Processing time:
37 59 65 70 94
36 16 94 3 98
1 90 96 43 63
4 3 47 14 83
64 76 35 26 19

Setup time:
15 18 18 1 2
26 7 30 8 45
17 24 9 33 47
36 44 28 16 35
39 38 37 28 18

13 20 31 12 12
2 10 42 43 19
42 15 18 25 2
46 23 26 24 4
40 41 17 34 11

10 2 15 20 9
22 11 16 5 23
35 5 11 45 17
15 19 39 16 34
1 13 10 48 7

8 14 4 16 43
45 9 21 46 4
11 32 8 17 31
33 48 10 11 35
2 15 6 45 12

21 18 23 37 27
6 17 14 7 32
29 6 23 21 40
40 9 31 22 26
47 30 2 5 16

Due dates (exponential distribution):
628
849
705
610
942
