Processing time:
80 59 59 31 30
13 83 70 64 88
64 85 76 11 14
77 85 10 9 22
17 70 65 32 93
78 35 19 58 48
82 2 77 98 10

Setup time:
73 100 16 79 96 21 97
37 53 73 104 106 107 88
74 102 70 74 88 95 13
69 88 40 61 38 80 14
27 119 91 97 62 37 110
43 96 101 14 13 50 66
90 37 45 60 72 119 64

74 14 26 106 7 50 85
79 60 115 78 14 104 109
101 115 64 85 57 70 110
79 73 45 52 80 65 10
59 83 23 83 64 76 75
61 104 61 17 97 61 120
93 56 123 112 5 29 60

59 122 47 72 29 50 78
36 51 77 74 114 107 42
85 28 70 62 112 48 42
1 81 109 58 97 70 11
82 117 49 1 73 45 54
68 109 106 5 90 50 106
54 51 100 5 39 23 74

50 25 98 47 33 80 78
122 71 110 38 42 41 26
38 61 61 11 52 28 42
21 2 24 70 88 34 69
52 107 94 47 59 16 14
72 28 99 124 29 69 77
85 94 46 17 81 8 66

65 24 75 103 19 23 6
13 71 115 117 68 72 64
81 13 53 7 123 79 92
50 54 82 62 76 5 2
23 90 28 12 73 33 87
92 38 13 75 72 57 110
114 33 21 16 26 103 71

Due dates (normal distribution):
1398 100
773 100
1088 100
1352 100
1437 100
1625 100
935 100
