Processing time:
49 3 60 12 75
49 53 88 47 19
15 59 15 46 60
18 7 26 17 87
65 65 11 43 27
55 58 16 16 48
1 24 55 91 72

Setup time:
57 61 62 19 22 81 68
43 71 3 66 74 8 81
23 55 62 75 111 19 33
21 122 52 51 15 59 58
84 4 1 89 65 94 24
119 51 118 19 89 70 39
38 64 83 48 78 90 51

50 78 35 36 3 37 107
92 63 22 71 47 41 19
67 1 71 105 40 66 64
48 45 66 65 83 50 39
87 22 5 64 56 24 40
61 113 81 74 113 56 48
35 48 102 118 16 114 66

66 21 12 92 79 21 14
39 53 20 70 53 40 106
10 34 62 14 91 35 16
67 105 56 52 7 96 49
118 26 78 91 54 121 62
1 113 7 22 12 64 5
32 57 77 87 80 36 72

51 97 45 71 19 101 103
42 57 1 73 119 61 113
109 78 69 56 91 73 78
20 46 117 73 43 25 71
16 87 50 75 54 6 60
42 45 12 120 105 70 108
46 47 54 111 117 41 55

54 56 31 106 108 92 73
93 58 24 102 15 88 8
2 28 51 68 58 85 19
119 45 58 55 84 83 83
38 51 34 63 54 123 99
2 51 74 64 102 61 38
75 87 25 54 2 65 50

Due dates (normal distribution):
1289 100
1468 100
581 100
1280 100
1621 100
1122 100
528 100
