Processing time:
47 80 51 63 60
77 46 79 22 20
66 37 35 47 13
13 86 63 46 64
77 85 18 72 67
20 67 67 16 25
29 22 73 35 39

Setup time:
56 59 97 83 17 96 25
6 69 100 58 46 107 107
4 36 64 64 99 43 78
13 121 103 53 78 28 59
118 49 78 33 69 75 25
107 63 7 6 90 73 87
34 33 122 80 82 19 57

52 66 64 72 9 70 116
47 69 19 89 13 123 97
47 24 50 84 72 5 30
105 102 31 72 34 52 43
71 113 114 80 51 112 74
54 110 77 119 49 52 55
23 39 78 120 14 104 65

53 1 61 25 119 49 16
34 66 108 5 88 79 117
1 33 63 90 59 65 50
93 69 77 67 90 56 92
99 29 89 58 74 99 68
81 33 6 8 94 57 119
16 71 42 4 124 25 71

74 117 113 110 70 118 17
58 71 50 73 107 87 84
113 76 50 35 28 74 107
80 96 31 69 67 110 54
84 45 21 37 52 82 38
15 31 20 86 30 61 6
80 117 39 28 33 65 70

68 120 105 114 6 44 43
117 62 31 7 33 79 41
101 43 74 111 66 80 123
39 69 80 60 73 35 109
55 104 10 14 72 17 95
76 91 17 80 37 73 108
119 25 79 75 45 71 67

Due dates (normal distribution):
920 100
1928 100
970 100
1310 100
837 100
1347 100
974 100
