*****************E-21 GUROBI BENDERS RESULTs  *****************
Job sequence:5, 5, 5, 4, 4, 4, 1, 3, 3, 3, 1, 2, 2, 2, 6, 7, Number of sublots:1, 1, 1, 1, 1, 1, 1, 1, 1, 1, 2, 1, 1, 1, 3, 3, 0,
 
**************E-21 BB RESULTs  **************
Job sequence:5,5,5,4,4,3,3,3,1,1,1,2,2,2,6,6,6,7,7,Number of sublots:1,1,1,2,1,1,1,1,1,1,1,1,1,1,1,1,1,2,1,

*****************E-22 GUROBI BENDERS RESULTs  *****************
Job sequence:6, 6, 6, 4, 1, 4, 1, 4, 1, 2, 2, 2, 5, 3, 7, 3, 7, 3, 5, Number of sublots:1, 1, 1, 1, 1, 1, 1, 1, 1, 1, 1, 1, 1, 1, 2, 1, 1, 1, 2, 

**************E-22 BB RESULTs  **************
Job sequence:6,6,6,1,4,1,4,1,4,2,2,2,7,7,5,3,3,3,7,5,5,Number of sublots:1,1,1,1,1,1,1,1,1,1,1,1,1,1,1,1,1,1,1,1,1,

*****************E-23 GUROBI BENDERS RESULTs  *****************
Job sequence:4, 4, 4, 6, 6, 6, 2, 3, 3, 2, 3, 2, 7, 7, 7, 5, 1, 1, Number of sublots:1, 1, 1, 1, 1, 1, 1, 1, 1, 1, 1, 1, 1, 1, 1, 3, 2, 1, 

**************E-23 BB RESULTs  **************
Job sequence:4,4,4,6,6,6,2,3,2,3,2,3,7,7,7,5,5,5,1,1,1,Number of sublots:1,1,1,1,1,1,1,1,1,1,1,1,1,1,1,1,1,1,1,1,1,

*****************E-24 GUROBI BENDERS RESULTs  *****************
Job sequence:2, 2, 2, 3, 3, 4, 7, 7, 4, 5, 1, 1, 6, 6, Number of sublots:1, 1, 1, 2, 1, 2, 2, 1, 1, 3, 2, 1, 2, 1, 

**************E-24 BB RESULTs  **************
Job sequence:2,2,2,3,3,7,7,7,4,5,4,5,1,1,1,6,6,6,Number of sublots:1,1,1,2,1,1,1,1,1,1,2,2,1,1,1,1,1,1,
*****************E-25 GUROBI BENDERS RESULTs  *****************
Job sequence:4, 4, 7, 7, 2, 7, 2, 2, 1, 3, 1, 5, 6, Number of sublots:1, 2, 1, 1, 1, 1, 1, 1, 2, 3, 1, 3, 3, 

**************E-25 BB RESULTs  **************
Job sequence:4,4,7,7,2,7,2,3,3,1,5,6,Number of sublots:1,2,1,1,1,1,2,2,1,3,3,3,

*****************E-26 GUROBI BENDERS RESULTs  *****************
Job sequence:7, 3, 4, 3, 4, 3, 4, 7, 1, 1, 6, 6, 2, 2, 5, Number of sublots:1, 1, 1, 1, 1, 1, 1, 2, 1, 2, 1, 2, 2, 1, 3, 

**************E-26 BB RESULTs  **************
Job sequence:7,3,4,3,4,3,7,1,1,1,6,6,2,2,2,5,5,5,Number of sublots:1,1,2,1,1,1,2,1,1,1,1,2,1,1,1,1,1,1,

*****************E-27 GUROBI BENDERS RESULTs  *****************
Job sequence:2, 2, 2, 4, 4, 4, 5, 5, 5, 6, 3, 7, 7, 1, Number of sublots:1, 1, 1, 1, 1, 1, 1, 1, 1, 3, 3, 2, 1, 3, 

**************E-27 BB RESULTs  **************
Job sequence:2,4,4,2,2,3,5,5,3,6,6,7,7,7,1,1,1,Number of sublots:1,2,1,1,1,1,1,2,2,1,2,1,1,1,1,1,1,

****************E-28 GUROBI BENDERS RESULTs  *****************
Job sequence:4, 4, 4, 2, 2, 7, 3, 7, 7, 5, 1, 6, Number of sublots:1, 1, 1, 2, 1, 1, 3, 1, 1, 3, 3, 3, 

**************E-28 BB RESULTs  **************
Job sequence:2,2,4,7,3,5,1,1,6,6,6,Number of sublots:1,2,3,3,3,3,2,1,1,1,1,

*****************E-29 GUROBI BENDERS RESULTs  *****************
Job sequence:7, 1, 4, 7, 1, 1, 2, 2, 2, 3, 5, 6, 6, Number of sublots:2, 1, 3, 1, 1, 1, 1, 1, 1, 3, 3, 1, 2, 

**************E-29 BB RESULTs  **************
Job sequence:7,4,7,1,1,2,2,2,3,5,5,6,6,Number of sublots:1,3,2,2,1,1,1,1,3,1,2,1,2,

*****************E-30 GUROBI BENDERS RESULTs  *****************
Job sequence:5, 4, 5, 4, 3, 3, 3, 7, 7, 1, 1, 6, 6, 2, Number of sublots:1, 1, 2, 2, 1, 1, 1, 1, 2, 2, 1, 1, 2, 3, 

**************E-30 BB RESULTs  **************
Job sequence:5,4,5,4,3,3,3,7,1,1,1,6,6,2,2,Number of sublots:1,1,2,2,1,1,1,3,1,1,1,1,2,1,2,