*****************N-21 GUROBI BENDERS RESULTs  *****************
Job sequence:4, 2, 3, 3, 3, 4, 4, 2, 2, 1, 6, 1, 1, 6, 6, 5, 7,  Number of sublots:1, 1, 1, 1, 1, 1, 1, 1, 1, 1, 1, 1, 1, 1, 1, 3, 3,  

**************N-21 BB RESULTs  **************
Job sequence:4,3,4,3,3,4,2,2,2,1,1,1,6,6,6,5,5,5,7,7,Number of sublots:1,1,1,1,1,1,1,1,1,1,1,1,1,1,1,1,1,1,2,1,

*****************N-22 GUROBI BENDERS RESULTs  *****************
Job sequence:5, 5, 5, 4, 4, 4, 3, 3, 1, 1, 2, 2, 2, 6, 7,    Number of sublots:1, 1, 1, 1, 1, 1, 2, 1, 2, 1, 1, 1, 1, 3, 3,    

**************N-22 BB RESULTs  **************
Job sequence:5,5,5,4,4,3,3,3,1,1,1,2,2,2,6,6,6,7,7,Number of sublots:1,1,1,2,1,1,1,1,1,1,1,1,1,1,1,1,1,2,1,

*****************N-23 GUROBI BENDERS RESULTs  *****************
Job sequence:1, 7, 1, 1, 7, 7, 4, 4, 4, 6, 6, 2, 2, 3, 3, 5, 5,  Number of sublots:1, 1, 1, 1, 1, 1, 1, 1, 1, 2, 1, 2, 1, 2, 1, 2, 1,  

**************N-23 BB RESULTs  **************
Job sequence:1,7,1,1,7,7,4,4,4,6,6,6,2,2,2,5,3,3,5,5,Number of sublots:1,1,1,1,1,1,1,1,1,1,1,1,1,1,1,1,2,1,1,1,

*****************N-24 GUROBI BENDERS RESULTs  *****************
Job sequence:6, 4, 4, 4, 6, 6, 2, 7, 2, 3, 2, 3, 7, 7, 5, 1, 1, 1, Number of sublots:1, 1, 1, 1, 1, 1, 1, 1, 1, 1, 1, 2, 1, 1, 3, 1, 1, 1, 

**************N-24 BB RESULTs  **************
Job sequence:6,4,4,4,6,6,2,2,2,3,3,3,7,7,7,5,5,5,1,1,1,Number of sublots:1,1,1,1,1,1,1,1,1,1,1,1,1,1,1,1,1,1,1,1,1,

*****************N-25 GUROBI BENDERS RESULTs  *****************
Job sequence:4, 4, 7, 7, 7, 2, 2, 3, 1, 5, 6,        Number of sublots:1, 2, 1, 1, 1, 2, 1, 3, 3, 3, 3,        

**************N-25 BB RESULTs  **************
Job sequence:4,7,4,7,2,2,3,3,1,5,6,Number of sublots:1,1,2,2,2,1,2,1,3,3,3,

*****************N-26 GUROBI BENDERS RESULTs  *****************
Job sequence:1, 1, 2, 1, 2, 2, 7, 7, 7, 5, 3, 4, 5, 5, 4, 6, 6,  Number of sublots:1, 1, 1, 1, 1, 1, 1, 1, 1, 1, 3, 1, 1, 1, 2, 1, 2,  

**************N-26 BB RESULTs  **************
Job sequence:1,2,1,2,1,2,7,7,7,3,3,5,5,5,6,4,4,4,Number of sublots:1,1,1,1,1,1,1,1,1,1,2,1,1,1,3,1,1,1,

*****************N-27 GUROBI BENDERS RESULTs  *****************
Job sequence:2, 2, 2, 4, 4, 4, 5, 5, 3, 6, 6, 7, 7, 1, 1,    Number of sublots:1, 1, 1, 1, 1, 1, 1, 2, 3, 1, 2, 1, 2, 2, 1,    

**************N-27 BB RESULTs  **************
Job sequence:2,4,4,2,2,3,5,5,6,3,6,7,7,7,1,1,1,Number of sublots:1,2,1,1,1,1,1,2,2,2,1,1,1,1,1,1,1,

*****************N-28 GUROBI BENDERS RESULTs  *****************
Job sequence:4, 4, 4, 2, 7, 2, 3, 7, 7, 5, 1, 6, 6,      Number of sublots:1, 1, 1, 1, 1, 2, 3, 1, 1, 3, 3, 2, 1,      

**************N-28 BB RESULTs  **************
Job sequence:2,2,4,7,3,7,5,1,1,6,6,Number of sublots:1,2,3,1,3,2,3,1,2,2,1,

*****************N-29 GUROBI BENDERS RESULTs  *****************

Job sequence:7, 1, 4, 7, 1, 1, 2, 2, 2, 3, 5, 5, 5, 6, 6,    Number of sublots:2, 1, 3, 1, 1, 1, 1, 1, 1, 3, 1, 1, 1, 1, 2,    

**************N-29 BB RESULTs  **************
Job sequence:7,1,7,1,4,2,2,2,3,5,5,6,Number of sublots:1,1,2,2,3,1,1,1,3,1,2,3,

*****************N-30 GUROBI BENDERS RESULTs  *****************
Job sequence:5, 5, 4, 3, 3, 3, 4, 7, 7, 1, 1, 2, 6, 2,     Number of sublots:2, 1, 1, 1, 1, 1, 2, 1, 2, 2, 1, 1, 3, 2,     

**************N-30 BB RESULTs  **************
Job sequence:5,5,4,3,3,4,7,7,1,6,1,1,2,6,2,2,Number of sublots:2,1,2,1,2,1,1,2,1,2,1,1,1,1,1,1,