*****************U-21 GUROBI BENDERS RESULTs  *****************
Job sequence:4, 2, 3, 4, 3, 3, 4, 2, 2, 1, 6, 1, 6, 6, 5, 7, Number of sublots:1, 1, 1, 1, 1, 1, 1, 1, 1, 1, 1, 2, 1, 1, 3, 3, 

**************U-21 BB RESULTs  **************
Job sequence:4,2,3,4,3,3,4,2,2,1,1,1,6,6,6,5,5,5,7,7,7,Number of sublots:1,1,1,1,1,1,1,1,1,1,1,1,1,1,1,1,1,1,1,1,1,

*****************U-22 GUROBI BENDERS RESULTs  *****************
Job sequence:4, 3, 4, 3, 3, 2, 6, 2, 2, 6, 5, 6, 5, 5, 1, 7, 7, Number of sublots:1, 1, 2, 1, 1, 1, 1, 1, 1, 1, 1, 1, 1, 1, 3, 1, 2, 

**************U-22 BB RESULTs  **************
Job sequence:4,4,3,3,2,2,6,6,2,5,5,5,1,1,7,7,7,Number of sublots:1,2,1,2,1,1,1,2,1,1,1,1,2,1,1,1,1,

*****************U-23 GUROBI BENDERS RESULTs  *****************
Job sequence:7, 7, 4, 7, 4, 4, 1, 1, 1, 2, 6, 6, 6, 2, 2, 3, 5, 5, Number of sublots:1, 1, 1, 1, 1, 1, 1, 1, 1, 1, 1, 1, 1, 1, 1, 3, 1, 2, 

**************U-23 BB RESULTs  **************
Job sequence:1,7,1,1,7,7,4,4,4,6,6,6,2,2,2,3,3,3,5,5,5,Number of sublots:1,1,1,1,1,1,1,1,1,1,1,1,1,1,1,1,1,1,1,1,1,

*****************U-24 GUROBI BENDERS RESULTs  *****************
Job sequence:3, 4, 3, 4, 3, 4, 1, 1, 1, 6, 6, 2, 2, 5, 7, Number of sublots:1, 1, 1, 1, 1, 1, 1, 1, 1, 1, 2, 2, 1, 3, 3, 

*************U-24 BB RESULTs  **************
Job sequence:3,4,3,3,4,1,1,1,6,6,2,2,5,7,Number of sublots:1,1,1,1,2,1,1,1,1,2,1,2,3,3,

*****************U-25 GUROBI BENDERS RESULTs  *****************
Job sequence:5, 4, 4, 4, 6, 6, 6, 2, 3, 2, 3, 2, 3, 7, 7, 5, 1, Number of sublots:1, 1, 1, 1, 1, 1, 1, 1, 1, 1, 1, 1, 1, 2, 1, 2, 3, 

**************U-25 BB RESULTs  **************
Job sequence:6,4,4,4,6,6,2,3,2,3,2,3,7,7,7,5,5,5,1,1,1,Number of sublots:1,1,1,1,1,1,1,1,1,1,1,1,1,1,1,1,1,1,1,1,1,

*****************U-26 GUROBI BENDERS RESULTs  *****************
Job sequence:4, 4, 7, 2, 7, 2, 7, 2, 3, 3, 1, 5, 6, Number of sublots:1, 2, 1, 1, 1, 1, 1, 1, 2, 1, 3, 3, 3, 

**************U-26 BB RESULTs  **************
Job sequence:4,7,4,7,2,2,3,3,1,5,6,Number of sublots:1,1,2,2,2,1,2,1,3,3,3,

*****************U-27 GUROBI BENDERS RESULTs  *****************
Job sequence:4, 3, 4, 3, 4, 3, 7, 1, 1, 6, 6, 2, 2, 2, 5, Number of sublots:1, 1, 1, 1, 1, 1, 3, 1, 2, 1, 2, 1, 1, 1, 3, 

**************U-27 BB RESULTs  **************
Job sequence:7,3,4,3,4,3,7,1,1,1,6,6,2,2,2,5,5,Number of sublots:1,1,2,1,1,1,2,1,1,1,1,2,1,1,1,1,2,

*****************U-28 GUROBI BENDERS RESULTs  *****************
Job sequence:5, 5, 1, 4, 5, 1, 4, 2, 2, 3, 3, Number of sublots:1, 1, 1, 1, 1, 2, 2, 1, 2, 2, 1, 

**************U-28 BB RESULTs  **************
Job sequence:5,5,1,4,5,1,4,2,2,3,3,Number of sublots:1,1,1,1,1,2,2,1,2,2,1,

*****************U-29 GUROBI BENDERS RESULTs  *****************
Job sequence:4, 4, 2, 4, 7, 2, 3, 7, 7, 5, 1, 1, 1, 6, 6, Number of sublots:1, 1, 1, 1, 1, 2, 3, 1, 1, 3, 1, 1, 1, 2, 1, 

**************U-29 BB RESULTs  **************
Job sequence:2,2,4,7,3,5,1,1,6,6,6,Number of sublots:1,2,3,3,3,3,2,1,1,1,1,

*****************U-30 GUROBI BENDERS RESULTs  *****************
Job sequence:7, 1, 4, 7, 1, 1, 2, 2, 2, 3, 5, 6, 6, 6, Number of sublots:2, 1, 3, 1, 1, 1, 1, 1, 1, 3, 3, 1, 1, 1, 

**************U-30 BB RESULTs  **************
Job sequence:7,1,7,1,4,2,2,2,3,5,6,6,Number of sublots:1,1,2,2,3,1,1,1,3,3,2,1,
