Processing time:
80 59 59 31 30
13 83 70 64 88
64 85 76 11 14
77 85 10 9 22
17 70 65 32 93
78 35 19 58 48
82 2 77 98 10

Setup time:
2 8 2 6 7 2 8
3 1 6 8 8 8 7
6 8 3 6 7 7 1
5 7 3 3 3 6 1
2 9 7 7 3 3 8
4 7 8 1 1 1 5
7 3 4 5 6 9 1

1 1 2 8 1 4 7
6 2 9 6 1 8 8
8 9 2 7 5 6 8
6 6 4 3 6 5 1
5 6 2 6 2 6 6
5 8 5 2 8 1 9
7 5 9 9 1 3 2

3 9 4 6 3 4 6
3 3 6 6 9 8 4
7 3 1 5 9 4 4
1 6 8 1 8 6 1
6 9 4 1 3 4 4
5 8 8 1 7 1 8
4 4 8 1 3 2 2

3 2 8 4 3 6 6
9 1 8 3 4 3 2
3 5 2 1 4 2 4
2 1 2 2 7 3 5
4 8 7 4 3 2 1
6 3 8 9 3 2 6
7 7 4 2 6 1 3

3 2 6 8 2 2 1
1 2 9 9 5 6 5
6 1 2 1 9 6 7
4 4 6 1 6 1 1
2 7 2 1 2 3 7
7 3 1 6 6 3 8
9 3 2 2 2 8 3

Due dates (normal distribution):
1387 100
1606 100
946 100
677 100
457 100
1835 100
2160 100
