Processing time:
64 48 30 84 9
96 6 94 24 1
13 34 52 84 66
9 22 49 16 57
17 12 32 87 90
19 78 61 22 61
52 87 30 51 90
1 24 6 27 60
54 87 33 87 40
86 10 33 87 38

Setup time:
3 6 9 2 1 2 2 5 1 5
1 1 5 1 4 2 2 8 8 3
9 9 3 3 9 5 5 3 6 3
6 8 1 2 8 3 8 2 8 2
2 3 3 2 2 1 1 6 6 9
2 3 6 9 9 2 9 4 1 8
9 2 5 1 2 7 1 7 4 4
6 6 5 3 4 2 2 3 7 6
6 3 9 9 1 9 4 8 3 3
4 8 6 4 2 5 4 8 9 3

1 1 2 4 5 2 5 3 6 3
9 3 5 6 4 8 6 6 2 6
7 5 3 1 9 1 1 6 7 8
6 9 7 2 3 6 6 9 6 9
6 9 3 8 2 3 7 7 6 2
5 5 6 5 6 2 3 3 1 2
8 1 4 2 2 6 2 7 7 7
5 5 9 1 8 1 4 2 5 7
9 2 7 7 5 7 1 3 1 8
9 3 4 2 4 8 5 5 9 2

2 7 9 4 2 8 9 1 4 8
7 3 2 7 2 8 6 1 4 3
2 6 3 6 9 2 2 6 8 6
8 2 4 1 4 6 6 8 8 6
9 3 1 6 3 1 2 4 5 5
2 8 4 7 2 3 9 9 5 2
8 5 3 4 5 8 3 1 3 5
2 9 1 2 9 2 5 1 9 7
3 5 6 1 9 8 4 3 2 5
6 2 6 3 1 4 1 6 2 3

3 9 8 9 2 8 3 9 7 7
8 3 9 8 3 9 7 9 9 8
4 2 1 2 5 3 2 6 9 4
2 3 8 2 1 4 5 3 4 5
7 9 6 4 1 6 4 9 2 2
7 9 6 4 2 2 9 9 3 4
6 8 1 1 7 9 1 9 5 4
2 7 4 8 9 3 7 3 9 9
1 4 1 9 6 4 4 2 3 5
5 5 1 7 5 6 1 1 7 3

2 8 4 9 1 9 8 3 8 9
1 1 7 4 3 4 2 4 9 6
7 3 2 6 8 2 5 2 4 9
8 7 7 1 2 5 1 2 4 2
8 6 6 9 3 7 6 2 5 6
4 5 5 8 3 2 3 5 8 6
8 4 2 3 3 6 1 8 6 3
1 1 5 1 1 9 2 1 3 2
1 6 8 3 8 4 5 1 1 3
2 7 9 4 2 8 3 1 8 2

Due dates (normal distribution):
1581 100
976 100
590 100
1471 100
821 100
535 100
1335 100
622 100
888 100
642 100
