Processing time:
47 80 51 63 60
77 46 79 22 20
66 37 35 47 13
13 86 63 46 64
77 85 18 72 67
20 67 67 16 25
29 22 73 35 39
11 67 2 2 40
85 20 23 22 72
98 1 59 50 28

Setup time:
3 5 7 6 2 7 2 3 1 8
1 1 8 5 4 8 8 7 2 7
1 3 3 5 8 4 6 2 7 7
1 9 8 1 6 2 5 5 7 2
9 4 6 3 2 6 2 2 6 7
8 5 1 1 7 1 7 9 6 2
3 3 9 6 6 2 3 4 7 6
9 5 4 6 1 9 1 2 3 1
9 5 4 6 1 2 7 2 3 1
2 9 3 4 1 5 3 5 1 3

2 5 5 6 1 6 9 9 6 4
4 3 2 7 1 9 7 5 4 2
4 2 3 7 6 1 3 2 6 3
8 8 3 3 3 4 4 4 1 8
6 9 9 6 1 9 6 5 4 7
4 8 6 9 4 1 4 1 6 1
2 3 6 9 1 8 2 7 8 7
4 9 9 2 8 2 6 3 4 1
5 8 3 2 8 7 2 1 1 2
1 4 8 5 6 2 1 9 2 3

3 1 5 2 9 4 2 1 1 1
3 3 8 1 7 6 9 2 7 1
1 3 3 7 5 5 4 5 8 7
7 5 6 3 7 5 7 9 7 3
8 3 7 5 3 8 5 9 5 6
6 3 1 1 7 2 9 7 9 9
2 6 4 1 9 2 3 1 8 2
7 7 4 3 4 6 6 2 9 3
7 3 9 3 5 2 4 2 1 4
3 2 3 3 7 7 3 2 1 2

3 9 9 8 6 9 2 3 7 3
5 2 4 6 8 7 7 4 1 3
9 6 2 3 3 6 8 1 2 5
6 7 3 3 5 8 4 2 9 2
7 4 2 3 1 6 3 3 5 8
2 3 2 7 3 2 1 9 9 9
6 9 3 2 3 5 2 3 5 1
6 4 8 1 3 7 6 1 1 5
4 2 8 2 8 3 5 3 2 5
5 2 2 8 3 2 7 7 7 1

2 9 8 9 1 4 4 3 6 6
9 1 3 1 3 6 3 6 8 7
8 4 2 9 5 6 9 5 4 9
3 5 6 3 6 3 8 4 3 3
4 8 1 1 2 2 7 9 4 1
6 7 2 6 3 3 8 7 1 8
9 2 6 6 4 6 1 6 4 6
1 8 3 9 1 3 4 3 7 1
4 5 2 6 8 6 1 8 1 6
9 4 1 7 8 5 6 5 5 2

Due dates (normal distribution):
406 100
1412 100
1792 100
615 100
1900 100
962 100
702 100
511 100
614 100
774 100
