Processing time:
49 3 60 12 75 31 70 20
49 53 88 47 19 61 78 78
15 59 15 46 60 47 41 38
18 7 26 17 87 32 9 26
65 65 11 43 27 34 47 64
55 58 16 16 48 69 94 62
1 24 55 91 72 32 26 11
79 55 59 94 88 1 65 38
10 26 81 73 48 1 17 68
37 40 53 89 59 80 42 37
77 89 92 12 74 19 59 74
80 94 23 58 86 57 80 9

Setup time:
54 49 49 15 18 65 55 1 79 10 37 77
35 57 3 53 59 7 65 58 24 55 26 40
19 44 50 60 88 15 26 11 16 55 59 81
17 97 41 58 12 47 46 17 43 16 91 94
67 3 1 71 40 75 19 60 87 27 48 72
95 41 94 15 71 51 31 61 47 32 34 69
31 51 66 38 62 72 44 70 78 41 9 47
75 63 96 7 10 47 38 42 20 78 38 26
65 16 38 85 50 62 39 97 57 88 30 34
62 99 67 61 10 4 70 31 49 51 9 41
57 65 89 60 90 84 74 17 2 19 57 71
95 22 53 32 5 94 12 41 85 75 38 49

43 63 28 29 2 30 86 28 10 56 52 4
74 40 18 57 37 33 15 60 67 71 99 79
54 1 47 84 32 53 51 7 54 10 43 58
39 36 53 48 66 40 31 68 56 60 52 18
70 18 4 51 42 19 32 22 35 92 15 38
49 91 65 59 90 49 38 3 52 55 60 80
28 39 81 94 13 91 40 96 55 61 54 86
92 70 27 34 78 27 76 43 19 60 82 15
17 99 26 1 99 96 86 10 58 92 93 54
24 8 41 58 93 79 65 65 11 50 6 99
37 50 58 74 45 41 74 40 43 66 42 60
97 77 15 45 16 89 8 19 72 22 10 53

56 17 10 74 63 17 11 15 30 91 89 93
31 48 16 56 42 32 85 2 39 39 79 86
8 27 52 11 73 28 12 71 20 65 56 44
53 84 45 55 6 77 39 94 72 93 80 35
95 21 63 73 48 97 49 77 83 73 94 35
1 90 6 18 10 50 4 41 20 33 82 29
26 45 62 70 64 29 48 3 39 3 31 96
74 17 10 34 67 65 51 49 7 88 67 22
37 19 83 39 19 74 4 54 54 34 90 29
1 33 24 61 3 20 77 37 68 56 32 29
41 37 27 25 97 35 10 93 88 68 47 20
24 9 75 41 45 53 22 97 52 87 89 47

45 77 36 57 15 81 82 98 97 12 35 84
34 53 1 59 95 49 90 78 3 69 99 41
87 62 57 45 73 59 63 54 98 39 75 33
16 37 94 45 34 20 57 47 62 40 74 94
13 70 40 60 51 5 48 80 43 34 2 87
34 36 9 96 84 49 86 35 5 93 74 12
36 38 43 89 94 33 48 28 39 55 21 25
92 15 77 31 85 85 99 42 8 91 45 55
38 41 64 98 83 36 61 19 44 36 86 70
52 85 93 75 73 61 15 87 29 53 61 78
81 64 65 98 90 24 85 30 50 92 51 65
89 41 36 3 9 75 80 95 59 98 21 53

48 44 25 85 86 73 58 95 13 50 39 24
74 57 19 82 12 70 6 64 3 4 29 43
2 22 55 55 46 68 15 55 74 42 40 88
95 36 46 47 67 66 66 32 8 30 92 40
30 41 27 50 43 98 79 44 90 22 72 84
1 41 60 51 82 44 30 63 88 79 44 54
60 70 20 43 2 52 50 21 18 98 59 17
84 50 46 60 31 64 53 58 63 20 70 12
47 67 45 67 35 55 26 32 53 75 56 87
15 52 94 10 61 8 79 40 29 45 20 50
19 92 63 69 15 94 94 54 45 51 54 57
42 31 26 14 75 6 86 32 92 71 63 59

50 41 90 49 28 39 22 5 88 53 58 18
29 46 8 45 70 93 20 96 75 83 2 64
52 44 41 50 6 46 5 33 44 25 7 60
3 25 34 40 22 41 58 31 27 83 99 12
51 57 25 67 51 95 43 82 75 47 76 23
4 43 30 62 12 51 81 87 90 59 89 88
85 45 38 35 77 16 49 69 49 89 56 56
55 19 72 92 16 96 19 51 59 18 28 2
90 37 33 91 81 73 2 25 42 56 81 68
38 44 1 75 6 62 54 44 46 48 3 40
81 89 96 35 24 43 1 54 65 54 59 38
96 1 18 91 40 96 45 94 68 98 40 52

50 93 93 89 16 69 28 66 99 12 45 81
39 57 82 5 11 60 66 79 39 20 8 66
47 13 50 76 39 24 11 5 18 33 64 65
53 76 68 55 85 74 95 69 73 62 89 51
84 24 67 71 57 57 1 2 79 82 70 15
85 27 84 97 97 45 47 99 7 17 76 33
70 94 72 27 99 89 54 9 44 11 71 58
5 6 55 64 70 15 93 44 86 52 8 89
36 27 5 93 2 99 62 76 53 29 15 93
92 60 4 55 17 40 31 76 8 46 30 89
88 17 80 29 37 55 99 74 37 90 43 19
43 86 42 51 79 33 74 61 31 20 27 49

53 64 2 16 35 53 40 81 26 85 4 4
15 44 11 99 37 50 56 69 22 56 67 63
25 87 45 3 1 58 85 33 71 58 56 64
11 61 36 42 53 87 88 10 32 38 25 24
39 9 83 69 45 67 28 88 23 91 71 3
51 50 51 21 19 56 63 91 11 6 31 63
10 12 62 43 49 54 50 87 29 2 18 75
41 92 67 24 87 91 31 54 37 16 42 47
41 71 94 99 11 97 44 77 55 69 91 38
48 44 93 37 82 31 59 78 33 40 36 3
79 93 68 75 37 44 34 39 76 62 57 74
82 60 44 43 76 99 66 11 35 52 8 55

Due dates (exponential distribution):
1798
930
1179
736
2112
2491
1370
1898
1971
2310
2635
846
