Processing time:
64 48 30 84 9 93 71 72
96 6 94 24 1 44 34 65
13 34 52 84 66 2 40 20
9 22 49 16 57 87 57 67
17 12 32 87 90 93 29 61
19 78 61 22 61 23 78 69
52 87 30 51 90 92 99 19
1 24 6 27 60 51 88 63
54 87 33 87 40 5 40 50
86 10 33 87 38 32 40 68
90 46 42 34 25 69 35 7
26 16 87 99 15 92 57 93

Setup time:
59 64 96 13 9 17 19 52 1 54 86 90
5 42 48 6 34 22 12 78 87 24 87 10
92 93 53 30 94 52 49 32 61 30 6 33
57 83 2 49 84 24 84 16 87 22 51 27
17 33 31 18 59 9 1 66 57 90 61 90
16 28 58 98 90 50 93 44 2 87 93 23
95 17 47 1 13 73 45 71 34 40 57 29
65 63 48 24 40 20 21 51 72 65 20 67
58 31 97 89 5 98 41 81 45 33 95 7
39 86 58 35 12 50 44 81 89 52 85 47
40 37 55 59 46 25 34 84 72 32 48 47
98 36 92 99 65 34 35 42 28 28 5 44

49 9 14 37 54 14 53 27 64 25 79 30
91 47 53 66 41 79 58 57 17 66 42 66
70 45 57 3 98 11 2 64 77 85 12 18
56 92 77 53 31 65 59 89 66 92 15 50
65 95 30 84 40 23 75 71 60 21 76 37
55 53 58 47 65 48 29 26 6 13 4 38
86 9 39 18 22 61 50 77 74 69 8 84
47 47 90 6 87 10 34 58 52 72 77 94
92 17 74 77 45 70 5 33 55 80 31 3
96 32 37 19 42 86 49 55 92 48 85 94
43 80 42 78 9 56 35 96 71 97 58 53
81 72 33 37 90 96 11 66 64 27 37 42

53 76 98 35 18 82 96 7 43 79 39 58
76 58 16 68 17 82 58 2 34 28 35 35
19 56 49 65 89 18 14 60 78 56 3 79
80 16 34 56 42 65 57 88 78 62 19 60
89 31 5 59 42 2 14 43 47 48 4 12
18 84 39 76 19 49 95 98 48 15 62 70
85 51 32 35 46 80 49 11 23 48 30 28
12 94 4 15 94 19 52 44 99 76 88 99
23 52 66 4 98 83 40 32 58 50 75 65
63 14 56 28 11 40 9 60 17 59 49 12
26 97 65 27 77 43 4 77 66 38 53 1
36 57 21 49 19 78 44 98 55 62 27 44

40 92 82 95 18 85 27 92 77 68 46 57
80 58 94 82 24 98 74 98 93 80 25 99
37 22 57 15 50 27 12 59 97 38 83 84
20 28 86 53 8 35 46 25 41 50 24 46
77 96 65 43 48 62 44 89 20 21 72 96
70 95 57 40 19 53 89 99 23 34 68 23
56 86 11 2 77 98 50 96 47 39 43 45
22 76 38 82 94 25 72 42 89 93 74 2
8 35 9 99 60 38 43 14 59 54 68 26
45 45 3 68 46 60 8 6 70 49 46 88
14 86 72 10 39 19 71 61 72 94 55 94
74 81 11 74 27 51 36 58 39 48 46 56

48 82 40 97 5 89 79 26 83 89 86 62
2 56 68 36 31 36 21 40 89 66 85 7
70 32 46 59 82 20 52 14 35 90 41 20
88 74 75 43 17 47 11 19 36 15 18 6
83 62 57 91 53 67 63 22 46 64 95 55
42 55 46 88 24 59 23 54 87 58 96 31
88 40 13 28 33 62 42 82 66 27 61 46
2 8 49 2 5 95 19 44 27 22 38 47
1 64 88 28 83 42 52 9 52 33 94 47
22 69 94 41 13 88 33 6 82 55 57 29
53 99 18 2 97 59 24 33 59 70 43 96
29 7 37 52 25 53 79 11 63 23 93 43

56 88 62 65 1 12 78 20 63 3 89 68
91 55 74 43 16 18 30 68 27 45 32 50
57 22 54 29 74 56 41 83 13 5 17 14
55 18 97 45 4 46 93 15 42 26 22 99
18 65 18 80 45 3 3 55 21 49 28 64
12 88 30 37 98 59 4 83 24 80 77 98
52 56 44 64 99 52 51 10 13 90 33 47
65 93 61 87 43 69 99 46 60 60 55 41
2 95 42 37 40 65 61 94 58 84 23 83
79 24 6 18 38 3 77 84 19 51 16 13
29 35 9 97 59 9 21 48 27 31 44 4
47 16 28 61 6 49 25 74 20 91 73 57

41 7 54 43 87 56 4 29 35 37 53 10
45 56 65 35 49 2 95 14 67 8 62 25
33 56 40 89 54 31 1 61 25 11 7 88
54 23 23 45 96 79 70 33 50 18 65 87
55 71 19 28 42 31 79 69 11 4 12 71
62 70 89 87 21 46 54 16 72 31 24 94
16 74 70 16 81 93 55 58 66 5 69 38
93 12 56 36 71 38 96 56 84 84 65 17
51 85 66 6 3 93 88 40 41 85 92 15
23 13 1 10 76 49 2 81 43 56 51 71
88 9 33 6 40 64 5 5 7 5 47 76
33 67 81 93 98 9 94 49 27 62 90 53

59 56 14 88 41 4 52 17 95 15 85 12
22 55 49 44 76 88 45 52 31 66 17 68
45 9 50 39 12 45 34 11 71 53 28 93
83 20 1 46 13 36 6 22 44 65 87 50
29 67 70 59 53 34 18 4 65 58 35 86
45 54 19 80 15 48 22 56 63 56 79 82
88 82 82 71 8 13 42 53 71 98 99 54
92 60 87 11 24 11 98 46 40 62 8 13
25 10 36 87 37 86 76 70 44 17 92 90
92 7 19 82 60 60 58 74 70 47 72 33
7 34 69 18 98 8 58 86 77 50 57 50
70 66 30 7 37 5 52 86 36 29 4 43

Due dates (exponential distribution):
2076
1295
2222
575
1595
966
2410
2084
781
722
586
1512
