Processing time:
47 80 51 63 60 70 39 33
77 46 79 22 20 96 75 1
66 37 35 47 13 56 66 59
13 86 63 46 64 22 89 85
77 85 18 72 67 44 56 1
20 67 67 16 25 83 42 85
29 22 73 35 39 66 90 65
11 67 2 2 40 56 77 47
85 20 23 22 72 27 76 13
98 1 59 50 28 52 43 12
36 39 46 58 36 46 14 23
92 25 12 46 60 83 3 21

Setup time:
51 47 77 66 13 77 20 29 11 85 98 36
5 48 80 46 37 86 85 67 22 67 20 1
3 29 48 51 79 35 63 18 67 73 2 23
11 97 83 59 63 22 47 46 72 16 35 2
94 39 62 27 48 60 20 13 64 67 25 39
85 51 6 5 72 53 70 96 56 22 44 83
28 26 98 64 66 15 49 39 75 66 89 56
98 47 35 58 6 95 9 59 33 1 59 85
89 51 34 62 6 22 75 22 48 5 37 72
12 97 29 41 3 46 33 55 10 48 9 14
30 33 5 96 1 51 42 78 70 91 59 53
66 16 19 42 80 9 48 62 65 70 45 42

55 53 51 58 8 56 93 96 56 36 81 72
37 43 15 71 11 98 77 50 39 14 66 41
38 20 58 67 57 4 24 12 63 26 27 8
84 82 25 51 27 41 35 44 9 80 13 79
57 90 91 64 45 90 59 54 43 69 13 27
43 88 61 95 39 46 44 4 57 11 50 34
18 31 63 96 11 83 53 72 79 76 84 35
42 93 89 19 84 22 60 54 42 7 50 56
45 81 33 16 86 67 19 5 50 12 94 10
4 35 86 50 63 17 11 99 22 48 76 98
58 32 12 84 1 41 20 78 69 76 53 16
35 86 26 29 49 27 60 51 13 19 56 56

51 1 48 20 95 39 13 9 2 5 36 57
27 54 86 4 71 63 93 18 70 5 21 48
1 26 54 72 47 52 40 49 86 75 26 37
74 55 61 57 72 45 73 94 76 28 58 98
79 23 71 46 56 79 55 95 46 59 89 16
65 26 5 7 75 59 95 67 93 90 73 63
12 57 34 4 99 20 50 1 83 17 69 72
76 68 36 30 38 62 61 51 90 30 88 69
68 31 91 23 55 14 44 22 50 37 32 42
23 19 24 25 73 69 24 19 5 46 92 82
57 61 4 58 94 50 31 25 34 80 58 94
99 19 34 12 55 71 21 5 61 37 22 58

53 94 91 88 56 94 13 33 68 27 74 81
46 59 40 58 85 69 67 41 6 24 65 20
90 61 53 28 23 59 85 4 14 53 14 70
64 77 25 42 54 88 44 12 89 18 6 28
67 36 17 30 41 65 31 23 54 80 92 4
12 25 16 69 24 51 5 93 90 92 74 82
64 94 31 22 27 52 50 33 53 9 69 82
56 34 88 11 31 75 59 42 6 51 96 27
43 19 80 22 80 25 49 33 49 52 68 95
55 17 19 84 26 16 72 70 76 45 82 40
62 95 66 97 37 47 78 10 65 2 55 68
7 33 71 46 9 32 4 21 51 70 32 40

57 96 84 91 5 35 34 30 63 58 29 7
93 56 25 6 26 63 33 56 85 67 9 33
80 34 47 89 53 64 98 48 44 89 81 15
32 55 64 41 58 28 87 35 30 33 48 23
44 83 8 11 54 14 76 93 35 3 51 47
61 73 13 64 29 53 86 75 4 81 40 34
95 20 63 60 36 57 49 65 39 62 23 85
4 84 25 96 3 24 34 49 76 2 61 54
34 50 15 64 84 62 4 85 44 65 80 74
98 34 4 70 88 49 66 55 55 40 88 62
68 66 28 88 76 93 55 35 31 91 44 74
50 68 92 40 83 8 88 33 15 57 22 50

52 4 27 59 84 38 43 50 38 24 47 16
73 52 43 47 99 41 76 48 57 25 47 30
1 72 54 83 11 24 41 35 46 83 57 40
58 40 50 57 42 6 49 36 64 87 64 71
61 88 81 60 48 33 3 15 9 39 3 58
77 47 44 70 31 48 66 46 25 30 17 40
81 58 48 71 57 5 48 8 19 78 2 1
66 43 23 93 52 1 77 53 54 45 56 54
71 21 74 65 52 91 12 22 54 12 26 97
10 77 27 33 53 23 2 65 35 48 7 54
10 90 95 85 2 36 85 5 3 45 58 65
25 2 40 68 75 72 5 5 10 33 56 42

43 76 63 35 94 65 25 6 87 60 33 67
90 43 5 13 36 54 76 40 67 31 35 48
79 36 59 18 21 34 42 74 46 1 88 29
45 59 68 46 22 81 44 80 88 25 93 61
65 15 71 92 59 44 27 93 2 55 44 55
18 44 72 88 60 47 29 99 2 17 79 6
42 79 56 94 26 93 48 66 41 74 62 70
1 54 55 65 22 99 97 44 21 63 45 70
63 16 12 2 50 48 34 75 52 45 2 39
95 48 71 30 22 3 22 82 35 53 56 14
12 11 24 71 46 59 16 33 53 22 46 49
68 99 78 87 45 78 51 87 4 45 9 40

51 50 82 16 17 68 65 92 37 47 70 66
4 41 99 53 52 9 8 50 62 14 21 88
37 96 47 50 4 20 19 58 22 56 92 59
72 90 56 40 26 50 4 8 60 60 80 38
65 12 34 23 46 99 48 41 40 76 89 42
65 80 67 70 94 56 61 55 2 55 78 27
69 2 44 25 12 31 51 1 54 94 63 91
20 99 27 30 85 5 4 44 64 44 58 7
58 88 46 65 31 84 4 73 41 43 97 49
83 78 52 63 66 45 49 21 13 42 9 87
20 65 50 76 75 7 82 49 3 56 51 38
33 21 79 55 69 38 15 58 36 11 98 48

Due dates (exponential distribution):
761
2019
673
1842
1288
2526
958
1083
964
1447
1341
1217
