Processing time:
64 43 9 38 2 79 16 85
44 97 87 85 74 18 95 77
58 49 3 29 16 99 26 74
7 2 15 26 21 75 25 17
69 54 55 23 10 47 71 38
12 12 5 28 98 96 50 42
5 31 8 19 74 6 38 20
69 52 94 10 84 22 15 68
46 29 60 72 55 3 85 93
23 98 18 33 19 29 20 15
95 46 20 21 20 12 25 28
24 83 65 79 37 53 67 91

Setup time:
52 64 44 58 7 69 12 5 69 46 23 95
73 49 43 97 49 2 54 12 31 52 29 98
21 13 51 9 87 3 15 55 5 8 94 60
49 3 56 56 38 85 29 26 23 28 19 10
58 36 11 98 40 2 74 16 21 10 98 74
81 27 52 21 1 47 79 18 99 75 47 96
49 56 9 6 54 57 53 16 95 26 25 71
12 50 8 82 5 9 41 40 85 77 74 17
32 56 70 51 9 94 63 33 55 89 6 41
46 76 64 25 55 30 89 96 71 54 69 88
43 18 74 50 20 81 98 92 21 83 57 17
55 56 2 74 53 97 97 34 78 56 54 43

42 55 67 89 88 42 33 74 29 79 73 14
34 46 20 48 2 60 36 42 11 63 56 72
75 67 41 58 54 50 41 10 67 88 23 4
80 44 32 41 15 45 25 45 88 7 61 98
13 35 52 63 43 58 13 69 35 9 90 57
12 57 70 92 1 51 72 94 96 78 30 46
31 40 29 78 57 42 40 77 64 66 33 47
30 95 40 85 46 46 55 51 39 22 41 41
99 67 94 50 26 54 67 57 43 18 8 81
36 63 69 83 29 33 97 1 74 57 74 53
87 37 64 65 40 77 1 12 54 39 46 24
16 99 22 33 60 87 55 70 93 52 41 56

55 19 65 52 36 89 95 51 56 21 35 90
45 53 36 90 71 37 69 27 13 16 32 53
55 89 48 60 39 94 82 28 52 87 19 58
64 75 6 52 41 4 5 77 75 91 88 22
95 95 56 53 41 48 61 46 29 85 1 75
38 15 3 75 4 43 48 86 28 51 62 46
35 79 88 29 7 18 46 26 63 41 20 97
44 23 47 98 97 49 65 53 32 5 49 51
38 76 43 8 66 62 18 13 51 16 64 18
63 13 47 31 97 5 86 51 46 43 56 69
17 43 13 20 41 94 18 28 8 71 43 82
91 35 80 79 68 97 98 3 22 52 80 57

53 90 14 84 10 15 38 90 80 19 15 75
56 54 56 72 23 95 50 53 27 8 18 81
73 10 50 74 93 22 75 84 9 27 32 51
28 3 21 57 12 72 29 16 22 61 69 71
98 87 40 74 48 22 23 47 55 21 90 68
31 87 25 47 70 59 1 49 59 11 93 38
16 72 96 47 9 56 49 8 69 87 84 62
42 59 77 38 12 1 66 45 24 17 58 71
80 76 94 75 63 57 76 34 56 27 97 53
45 86 43 92 73 99 84 83 61 41 7 8
4 58 16 30 80 71 59 75 52 25 51 86
88 52 30 62 8 45 77 90 52 39 95 55

59 73 49 53 20 97 58 59 29 98 61 83
3 52 73 13 47 76 15 43 44 13 16 18
14 39 47 76 92 59 95 11 55 56 16 56
51 74 85 43 6 13 32 8 43 30 53 24
69 23 32 13 59 5 42 47 47 47 78 94
7 94 94 68 4 49 60 70 68 22 17 59
29 43 60 14 46 3 49 60 72 90 1 42
23 63 88 1 30 85 22 41 94 39 70 85
25 33 48 25 27 37 63 28 42 88 27 94
38 79 45 67 93 16 59 47 95 56 27 69
41 64 9 15 71 86 2 26 57 78 58 84
16 3 1 88 80 77 2 14 60 45 39 50

47 48 44 73 95 72 12 30 22 25 92 5
91 44 59 5 47 96 7 53 60 77 61 14
19 66 54 25 79 36 10 23 37 76 83 58
45 42 21 51 51 30 70 2 20 82 13 92
35 66 26 18 41 32 51 23 18 87 74 10
11 57 81 40 97 56 42 18 31 18 55 82
37 29 19 51 20 7 52 43 77 95 92 27
85 83 76 31 12 69 26 53 54 91 61 27
50 64 94 79 10 18 7 26 56 51 23 43
91 95 28 12 18 80 32 67 2 42 4 30
52 25 82 18 2 29 70 7 36 96 59 31
97 15 38 80 78 89 95 1 18 11 11 43

53 41 10 75 56 70 73 57 51 34 62 3
99 50 51 84 28 63 86 99 27 24 36 83
71 12 46 30 77 55 92 78 79 52 19 16
52 39 4 44 46 59 22 76 34 63 32 72
4 46 95 20 53 56 57 85 31 44 1 11
42 79 74 82 3 52 64 90 10 72 2 49
93 95 6 1 15 66 58 8 37 33 4 8
40 88 90 57 39 29 97 41 51 97 5 75
97 60 8 30 87 42 16 56 57 86 4 30
97 3 46 86 62 26 56 67 87 49 46 66
76 46 13 72 72 82 32 25 58 17 59 99
37 68 22 94 37 15 31 46 33 82 75 42

54 46 76 57 51 58 62 59 71 12 11 82
13 57 8 49 4 33 22 30 34 19 24 56
54 38 47 28 81 96 99 79 97 15 6 77
87 44 18 45 71 93 97 44 18 59 9 45
70 10 30 19 53 51 4 23 9 62 30 20
41 69 81 21 54 53 42 53 52 26 69 80
56 75 54 94 84 55 44 64 14 18 6 27
15 29 31 45 41 84 51 44 4 40 5 37
41 83 13 93 55 48 35 75 45 66 82 3
2 48 33 92 15 55 24 59 41 59 49 88
44 23 89 96 80 44 69 7 10 15 42 55
69 31 5 3 37 14 35 61 43 38 48 54

Due dates (exponential distribution):
547
1097
1899
696
2112
2474
1265
678
2073
914
1466
806
