Processing time:
94 3 39 1 63
43 18 23 92 96
6 43 28 83 50
47 41 31 43 12
45 83 86 3 15
51 62 19 3 11
73 27 85 51 33

Setup time:
6 47 22 3 23 23 26
16 1 2 9 21 21 41
43 10 17 19 12 14 16
4 10 13 13 1 46 41
42 46 44 15 14 32 48
47 13 4 30 25 18 43
19 26 43 24 11 28 4

9 19 2 20 49 11 4
13 17 22 17 20 5 47
29 22 7 34 44 47 17
31 30 24 10 14 33 23
5 31 6 38 3 13 14
15 30 10 4 3 3 42
48 29 38 13 16 15 7

12 10 25 4 11 30 29
18 7 47 15 14 19 6
7 38 10 35 3 15 15
37 35 18 13 15 25 26
14 33 22 12 17 3 43
15 42 25 27 7 8 26
13 1 27 45 22 15 1

15 33 47 48 24 17 17
28 3 35 2 22 7 13
37 28 19 47 49 31 41
48 5 45 8 23 26 39
42 7 6 10 14 49 1
4 13 21 29 31 12 4
36 46 14 45 47 29 13

13 25 2 47 38 47 24
26 8 4 6 4 27 36
17 34 14 23 37 13 31
12 27 49 15 43 15 46
37 19 30 3 7 13 46
7 44 11 18 32 4 39
39 21 21 47 1 46 14

Due dates (normal distribution):
1608 100
846 100
669 100
1509 100
1701 100
1582 100
526 100
