Processing time:
74 28 89 60 54 92 9 4
21 3 52 88 66 11 8 18
58 27 56 26 12 54 88 25
4 61 13 58 57 97 72 28
21 34 7 76 70 57 27 95
28 76 32 98 82 53 22 51
58 64 32 29 99 65 50 84
83 87 98 47 84 77 2 18
31 54 46 79 16 51 49 6
61 98 60 26 41 36 82 90
94 76 23 19 23 53 93 69
44 41 87 48 11 19 96 61

Setup time:
42 74 21 58 4 21 28 58 83 31 61 94
83 47 28 3 27 61 34 76 64 87 54 98
49 72 50 89 52 56 13 7 32 32 98 46
34 36 48 57 60 88 26 58 76 98 29 47
24 10 85 55 42 54 66 12 57 70 82 99
5 5 39 58 31 58 92 11 54 97 57 53
40 56 79 74 24 3 59 9 8 88 72 27
13 60 11 37 91 84 67 42 4 18 25 28
57 5 75 4 38 28 4 80 52 25 15 91
83 84 64 74 14 18 48 96 86 51 15 84
42 66 70 91 67 3 98 4 71 62 54 75
13 24 72 38 81 83 88 26 6 89 67 49

55 46 60 19 97 13 7 44 7 73 15 66
87 47 77 94 9 57 29 79 55 73 65 86
22 27 52 39 31 46 18 93 58 85 58 97
50 8 26 54 14 21 15 10 85 46 42 18
81 57 76 59 45 11 2 36 30 89 10 88
99 63 83 70 84 48 83 13 84 46 20 33
7 54 8 73 30 75 46 84 58 26 79 74
54 87 29 70 81 95 11 44 98 57 46 69
29 97 28 86 68 23 74 22 40 30 66 48
89 55 71 61 33 89 32 47 61 40 18 15
47 65 29 63 80 81 29 11 58 92 59 21
80 75 21 33 31 22 47 26 89 23 98 47

50 31 70 75 87 67 62 59 30 65 13 57
72 56 29 72 5 75 42 68 96 2 89 1
20 15 45 31 80 10 6 90 58 90 25 96
69 49 11 54 94 57 4 21 87 18 37 69
30 73 81 72 43 20 23 1 44 49 9 64
25 56 57 57 64 53 87 59 67 71 11 73
94 69 80 53 96 15 45 84 19 81 46 78
27 18 41 72 11 82 88 45 87 65 96 68
92 48 61 89 64 3 7 27 59 32 27 49
53 84 41 25 32 65 9 44 47 53 3 11
93 66 51 52 58 56 39 17 79 77 44 64
24 86 70 88 53 28 20 71 69 49 46 42

45 4 1 29 51 67 2 62 36 14 54 73
52 45 4 84 48 6 99 30 69 19 74 61
1 80 44 39 87 96 56 99 10 53 48 68
72 59 4 52 70 26 94 4 17 49 10 64
78 57 36 82 40 57 73 35 57 8 28 54
74 54 4 33 46 54 93 46 18 44 9 26
20 61 91 8 91 30 52 34 41 41 97 26
27 58 78 78 46 22 14 48 54 99 23 54
11 96 89 53 29 85 33 62 57 75 22 19
28 57 21 81 55 64 21 26 18 57 68 90
23 21 81 16 55 33 32 21 24 76 42 9
83 8 41 30 17 20 85 12 66 44 82 53

53 70 52 48 18 54 88 94 38 19 84 64
11 43 81 1 61 26 91 10 61 56 14 41
77 16 47 71 20 22 85 24 71 6 75 18
67 40 20 40 1 95 50 48 79 69 8 49
44 51 59 94 59 93 70 27 98 23 23 24
57 94 22 21 93 58 71 36 27 55 88 36
94 65 45 15 95 18 48 74 57 8 31 49
19 36 27 79 31 60 71 46 76 69 94 35
75 40 15 57 86 51 55 83 48 51 36 22
23 85 88 65 18 52 2 55 21 54 2 41
15 67 50 58 26 61 59 37 62 8 47 26
20 64 3 57 77 83 11 96 74 78 4 51

47 95 25 71 11 60 18 77 53 74 59 63
57 55 1 48 42 30 5 50 94 16 97 59
97 34 47 7 29 27 60 12 29 47 54 48
32 50 50 58 75 81 28 74 51 23 49 85
37 52 60 1 44 49 65 18 19 30 53 92
72 28 36 28 98 56 10 97 45 21 23 17
65 78 76 98 91 44 55 45 99 9 37 69
78 13 26 43 51 99 41 44 47 18 91 42
93 15 80 42 27 91 43 84 58 89 92 96
80 11 61 27 54 96 97 57 53 58 86 85
66 45 34 90 13 76 74 92 16 55 54 93
1 19 87 85 91 21 22 45 78 5 61 50

50 60 82 24 99 4 97 24 50 55 91 46
42 40 82 21 79 95 46 23 40 95 87 37
65 59 40 2 67 82 90 30 63 5 93 53
20 16 48 45 12 11 80 9 24 76 32 35
36 8 37 21 53 3 76 67 5 47 72 66
66 36 53 26 52 43 29 36 68 21 71 61
17 62 96 59 53 93 59 63 55 59 35 21
44 38 76 70 72 85 8 49 10 84 42 67
83 26 92 29 39 14 74 66 43 86 10 27
34 89 62 47 66 76 15 18 54 53 24 55
91 14 41 30 85 17 23 60 76 39 59 85
27 77 81 19 76 55 67 65 8 18 56 58

54 31 64 11 9 32 58 98 95 25 4 45
77 52 30 88 14 22 93 48 10 7 14 91
11 10 41 53 19 99 62 88 93 34 72 42
48 57 95 50 93 79 88 77 94 39 74 46
45 25 98 30 55 90 92 35 13 75 55 80
98 96 20 15 36 56 65 97 27 25 61 24
96 51 26 44 56 31 55 64 38 44 46 66
36 69 67 81 18 81 72 47 71 90 59 82
14 3 22 26 44 1 4 16 45 55 43 87
27 84 59 98 14 32 95 30 13 46 68 19
27 93 49 63 65 34 10 56 51 97 46 52
90 42 88 37 43 88 91 14 63 65 74 49

Due dates (uniform distribution):
2084 100
640 100
1323 100
697 100
1854 100
2648 100
1019 100
2599 100
1105 100
1634 100
920 100
1120 100
