Processing time:
9 91 96 73 37 28 32 27
19 54 78 88 94 58 18 63
86 71 7 17 51 52 3 59
38 36 72 24 1 11 60 76
71 13 80 53 9 21 34 97
82 44 38 86 16 97 69 85
12 27 17 10 89 49 47 57
20 23 98 30 2 55 95 49
37 95 88 71 80 16 92 60
22 15 78 5 38 4 70 30
97 25 80 11 94 82 71 70
85 88 54 97 93 60 73 1

Setup time:
48 9 19 86 38 71 82 12 20 37 22 97
76 59 91 54 71 36 13 44 27 23 95 15
21 4 50 96 78 7 72 80 38 17 98 88
20 75 24 46 73 88 17 24 53 86 10 30
69 80 49 74 53 37 94 51 1 9 16 89
63 17 98 2 19 50 28 58 52 11 21 97
42 61 87 89 76 46 59 32 18 3 60 34
17 26 39 60 72 93 27 58 27 63 59 76
23 18 42 96 2 52 49 82 41 4 67 77
6 49 67 93 3 10 80 44 26 47 83 4
43 31 59 69 13 46 53 27 28 63 43 55
92 55 40 1 81 2 78 25 27 46 61 58

45 56 69 90 9 81 65 38 75 60 81 59
3 46 65 39 68 40 82 31 29 17 69 44
99 96 57 1 62 84 42 60 42 66 1 1
54 45 39 48 85 40 21 84 17 24 65 98
82 2 31 27 57 81 34 7 6 53 19 28
72 26 59 51 74 55 3 11 96 50 23 43
69 47 17 35 45 30 46 55 47 73 2 69
14 50 67 57 68 22 6 49 5 17 36 63
95 50 61 58 51 89 74 1 58 13 46 35
93 94 64 56 43 10 92 7 4 49 69 42
89 88 58 64 66 64 99 35 95 36 59 46
89 91 88 78 57 30 74 56 44 46 68 52

57 45 49 53 86 58 41 91 41 95 20 26
57 55 19 7 72 35 73 91 19 34 19 52
89 54 41 87 34 22 84 73 19 44 88 48
53 29 33 51 69 8 33 90 97 20 26 29
63 9 29 50 55 79 54 73 24 29 1 17
82 22 98 27 98 43 15 64 31 19 16 22
36 48 7 10 35 25 45 5 77 63 51 96
28 53 23 27 99 94 16 51 32 2 43 81
9 23 43 41 85 94 72 74 44 82 88 69
6 58 15 44 46 87 91 28 21 42 12 55
36 98 48 30 84 25 84 73 81 99 59 78
66 34 56 3 26 95 9 94 13 43 84 59

55 92 6 37 77 80 41 18 68 81 41 37
2 49 38 73 28 97 20 46 85 53 78 73
30 33 46 32 51 38 8 82 63 77 73 66
50 76 16 45 68 3 58 57 49 13 72 13
81 53 65 89 41 50 78 38 82 38 38 85
29 67 72 5 79 53 30 64 3 80 11 99
35 9 55 8 93 11 56 39 10 84 80 59
14 73 85 75 96 33 17 58 76 96 4 16
68 38 86 90 50 11 64 4 52 51 57 82
72 58 78 18 48 72 38 71 82 46 61 73
27 44 64 32 46 37 39 96 44 70 50 41
54 8 54 15 47 73 33 73 35 45 75 48

43 54 64 19 34 16 63 75 11 31 83 79
11 56 24 9 45 42 89 43 28 9 7 74
18 65 53 28 4 46 11 69 26 55 40 72
75 52 30 56 43 58 59 75 46 56 26 95
11 92 15 19 56 17 69 86 62 5 72 79
41 20 92 28 42 56 34 35 31 99 74 70
32 44 27 88 78 88 44 72 93 17 79 49
94 11 9 21 16 66 9 52 24 86 76 2
95 63 29 73 33 78 67 89 40 35 31 49
97 70 58 65 71 13 58 32 55 54 27 24
79 11 90 54 46 77 15 15 94 8 56 98
31 55 29 48 64 93 20 88 44 91 99 57

59 75 70 16 72 85 94 49 40 64 98 46
91 59 16 98 85 63 10 14 82 39 23 29
50 58 47 98 49 46 66 63 88 41 13 43
71 98 33 54 65 93 14 73 97 17 91 71
77 32 70 95 54 21 98 61 78 6 34 53
29 75 85 98 68 55 20 24 40 36 31 46
68 85 35 39 11 79 45 58 89 71 81 84
6 54 67 97 73 84 48 45 80 13 33 57
15 5 25 67 37 73 13 31 50 19 14 41
26 50 99 24 22 88 51 78 28 41 50 47
10 80 96 90 11 65 44 27 11 51 58 70
57 31 61 69 40 16 47 84 88 20 6 58

52 53 34 79 62 53 64 44 62 10 85 12
59 58 28 70 36 45 3 31 87 92 4 68
21 2 58 93 99 97 28 9 14 44 87 71
75 22 32 43 85 43 31 31 57 91 22 10
60 69 65 34 58 25 53 40 97 3 3 88
85 26 67 8 60 57 72 42 49 62 84 82
99 34 73 92 4 19 54 91 97 41 72 75
57 26 80 16 22 92 36 59 93 34 13 78
90 96 38 56 55 3 99 23 54 44 89 9
69 98 71 59 96 77 82 14 82 54 11 96
70 45 93 74 45 9 98 49 4 75 48 53
89 23 70 39 64 12 60 33 74 17 17 48

44 33 52 2 40 6 59 22 50 35 77 99
63 54 65 45 89 51 11 64 38 83 26 2
43 14 41 10 64 76 5 8 70 85 75 8
33 73 8 54 75 73 74 65 45 46 34 51
80 1 80 69 42 52 19 65 63 70 57 28
50 55 36 2 43 41 35 23 9 26 95 8
28 39 91 85 93 60 45 53 59 49 40 48
77 1 35 38 59 6 47 41 99 53 70 92
28 5 69 35 87 76 30 96 43 59 26 81
27 1 60 71 12 15 9 60 91 51 66 35
26 5 56 30 53 59 88 24 23 45 49 55
37 72 91 81 74 87 17 69 66 58 27 50

Due dates (uniform distribution):
2044 100
2591 100
610 100
1213 100
769 100
2350 100
1671 100
511 100
803 100
622 100
845 100
905 100
