Processing time:
64 48 30 84 9 93 71 72
96 6 94 24 1 44 34 65
13 34 52 84 66 2 40 20
9 22 49 16 57 87 57 67
17 12 32 87 90 93 29 61
19 78 61 22 61 23 78 69
52 87 30 51 90 92 99 19
1 24 6 27 60 51 88 63
54 87 33 87 40 5 40 50
86 10 33 87 38 32 40 68
90 46 42 34 25 69 35 7
26 16 87 99 15 92 57 93

Setup time:
3 6 9 2 1 2 2 5 1 5 8 9
1 1 5 1 4 2 2 8 8 3 8 1
9 9 3 3 9 5 5 3 6 3 1 3
6 8 1 2 8 3 8 2 8 2 5 3
2 3 3 2 2 1 1 6 6 9 6 9
2 3 6 9 9 2 9 4 1 8 9 3
9 2 5 1 2 7 1 7 4 4 6 3
6 6 5 3 4 2 2 3 7 6 2 7
6 3 9 9 1 9 4 8 3 3 9 1
4 8 6 4 2 5 4 8 9 3 8 5
4 4 5 6 5 3 4 8 7 3 3 5
9 4 9 9 6 4 4 4 3 3 1 1

1 1 2 4 5 2 5 3 6 3 8 3
9 3 5 6 4 8 6 6 2 6 4 6
7 5 3 1 9 1 1 6 7 8 2 2
6 9 7 2 3 6 6 9 6 9 2 5
6 9 3 8 2 3 7 7 6 2 7 4
5 5 6 5 6 2 3 3 1 2 1 4
8 1 4 2 2 6 2 7 7 7 1 8
5 5 9 1 8 1 4 2 5 7 7 9
9 2 7 7 5 7 1 3 1 8 3 1
9 3 4 2 4 8 5 5 9 2 8 9
4 8 4 8 1 6 4 9 7 9 2 5
8 7 3 4 9 9 1 6 6 3 4 2

2 7 9 4 2 8 9 1 4 8 4 6
7 3 2 7 2 8 6 1 4 3 4 4
2 6 3 6 9 2 2 6 8 6 1 8
8 2 4 1 4 6 6 8 8 6 2 6
9 3 1 6 3 1 2 4 5 5 1 2
2 8 4 7 2 3 9 9 5 2 6 7
8 5 3 4 5 8 3 1 3 5 3 3
2 9 1 2 9 2 5 1 9 7 8 9
3 5 6 1 9 8 4 3 2 5 7 6
6 2 6 3 1 4 1 6 2 3 5 2
3 9 6 3 7 4 1 7 6 4 3 1
4 6 2 5 2 8 4 9 5 6 3 3

3 9 8 9 2 8 3 9 7 7 5 6
8 3 9 8 3 9 7 9 9 8 3 9
4 2 1 2 5 3 2 6 9 4 8 8
2 3 8 2 1 4 5 3 4 5 3 5
7 9 6 4 1 6 4 9 2 2 7 9
7 9 6 4 2 2 9 9 3 4 7 3
6 8 1 1 7 9 1 9 5 4 4 5
2 7 4 8 9 3 7 3 9 9 7 1
1 4 1 9 6 4 4 2 3 5 7 3
5 5 1 7 5 6 1 1 7 3 5 8
2 8 7 1 4 2 7 6 7 9 1 9
7 8 1 7 3 5 4 6 4 5 5 1

2 8 4 9 1 9 8 3 8 9 8 6
1 1 7 4 3 4 2 4 9 6 8 1
7 3 2 6 8 2 5 2 4 9 4 2
8 7 7 1 2 5 1 2 4 2 2 1
8 6 6 9 3 7 6 2 5 6 9 5
4 5 5 8 3 2 3 5 8 6 9 3
8 4 2 3 3 6 1 8 6 3 6 5
1 1 5 1 1 9 2 1 3 2 4 5
1 6 8 3 8 4 5 1 1 3 9 5
2 7 9 4 2 8 3 1 8 2 6 3
5 9 2 1 9 6 3 3 6 7 3 9
3 1 4 5 3 5 8 1 6 3 9 2

3 8 6 6 1 2 8 2 6 1 9 7
9 1 7 4 2 2 3 7 3 5 3 5
6 2 3 3 7 6 4 8 2 1 2 2
5 2 9 3 1 5 9 2 4 3 2 9
2 6 2 8 1 1 1 5 2 5 3 6
2 8 3 4 9 1 1 8 3 8 7 9
5 6 4 6 9 5 1 1 2 9 3 5
6 9 6 8 4 7 9 2 6 6 5 4
1 9 4 4 4 6 6 9 2 8 3 8
8 3 1 2 4 1 7 8 2 1 2 2
3 4 1 9 6 1 2 5 3 3 3 1
5 2 3 6 1 5 3 7 2 9 7 3

1 1 5 4 8 6 1 3 4 4 5 1
5 1 6 4 5 1 9 2 7 1 6 3
3 6 1 9 5 3 1 6 3 1 1 8
5 3 3 1 9 8 7 3 5 2 6 8
5 7 2 3 2 3 8 7 1 1 2 7
6 7 9 8 2 3 5 2 7 3 3 9
2 7 7 2 8 9 1 6 6 1 7 4
9 2 6 4 7 4 9 1 8 8 6 2
5 8 6 1 1 9 8 4 3 8 9 2
3 2 1 1 7 5 1 8 4 1 5 7
8 1 3 1 4 6 1 1 1 1 3 7
3 7 8 9 9 1 9 5 3 6 9 3

1 6 2 8 4 1 5 2 9 2 8 2
2 3 5 4 7 8 5 5 3 6 2 7
5 1 1 4 2 5 4 1 7 5 3 9
8 2 1 1 2 4 1 2 4 6 8 5
3 7 7 6 2 4 2 1 6 6 4 8
5 5 2 8 2 2 2 6 6 6 8 8
8 8 8 7 1 2 1 5 7 9 9 5
9 6 8 1 3 1 9 2 4 6 1 2
3 1 4 8 4 8 7 7 1 2 9 9
9 1 2 8 6 6 6 7 7 2 7 3
1 4 7 2 9 1 6 8 7 5 2 5
7 6 3 1 4 1 5 8 4 3 1 3

Due dates (uniform distribution):
1561 100
935 100
554 100
1460 100
776 100
501 100
1293 100
603 100
863 100
597 100
1515 100
1473 100
