Processing time:
49 3 60 12 75
49 53 88 47 19
15 59 15 46 60
18 7 26 17 87
65 65 11 43 27
55 58 16 16 48
1 24 55 91 72

Setup time:
54 49 49 15 18 65 55
35 57 3 53 59 7 65
19 44 50 60 88 15 26
17 97 41 58 12 47 46
67 3 1 71 40 75 19
95 41 94 15 71 51 31
31 51 66 38 62 72 44

43 63 28 29 2 30 86
74 40 18 57 37 33 15
54 1 47 84 32 53 51
39 36 53 48 66 40 31
70 18 4 51 42 19 32
49 91 65 59 90 49 38
28 39 81 94 13 91 40

56 17 10 74 63 17 11
31 48 16 56 42 32 85
8 27 52 11 73 28 12
53 84 45 55 6 77 39
95 21 63 73 48 97 49
1 90 6 18 10 50 4
26 45 62 70 64 29 48

45 77 36 57 15 81 82
34 53 1 59 95 49 90
87 62 57 45 73 59 63
16 37 94 45 34 20 57
13 70 40 60 51 5 48
34 36 9 96 84 49 86
36 38 43 89 94 33 48

48 44 25 85 86 73 58
74 57 19 82 12 70 6
2 22 55 55 46 68 15
95 36 46 47 67 66 66
30 41 27 50 43 98 79
1 41 60 51 82 44 30
60 70 20 43 2 52 50

Due dates (exponential distribution):
1798
930
1179
736
2112
2491
1370
