Processing time:
47 80 51 63 60
77 46 79 22 20
66 37 35 47 13
13 86 63 46 64
77 85 18 72 67
20 67 67 16 25
29 22 73 35 39

Setup time:
51 47 77 66 13 77 20
5 48 80 46 37 86 85
3 29 48 51 79 35 63
11 97 83 59 63 22 47
94 39 62 27 48 60 20
85 51 6 5 72 53 70
28 26 98 64 66 15 49

55 53 51 58 8 56 93
37 43 15 71 11 98 77
38 20 58 67 57 4 24
84 82 25 51 27 41 35
57 90 91 64 45 90 59
43 88 61 95 39 46 44
18 31 63 96 11 83 53

51 1 48 20 95 39 13
27 54 86 4 71 63 93
1 26 54 72 47 52 40
74 55 61 57 72 45 73
79 23 71 46 56 79 55
65 26 5 7 75 59 95
12 57 34 4 99 20 50

53 94 91 88 56 94 13
46 59 40 58 85 69 67
90 61 53 28 23 59 85
64 77 25 42 54 88 44
67 36 17 30 41 65 31
12 25 16 69 24 51 5
64 94 31 22 27 52 50

57 96 84 91 5 35 34
93 56 25 6 26 63 33
80 34 47 89 53 64 98
32 55 64 41 58 28 87
44 83 8 11 54 14 76
61 73 13 64 29 53 86
95 20 63 60 36 57 49

Due dates (normal distribution):
761 100
2019 100
673 100
1842 100
1288 100
2526 100
958 100
