*****************E-31 Tabu BENDERS RESULTs  *****************
Job sequence: 4, 4, 4, 11, 2, 2, 12, 3, 3, 11, 9, 9, 11, 12, 12, 7, 7, 7, 1, 5, 10, 1, 5, 10, 8, 8, 6, 6 Number of sublots: 1, 1, 1, 1, 2, 1, 1, 1, 2, 1, 1, 2, 1, 1, 1, 1, 1, 1, 1, 2, 1, 2, 1, 2, 2, 1, 2, 1

*****************E-32 Tabu BENDERS RESULTs  *****************
Job sequence: 5, 4, 5, 4, 5, 9, 2, 9, 2, 2, 10, 10, 10, 12, 12, 8, 6, 6, 6, 8, 3, 7, 3, 7, 11, 11, 1, 1, 1 Number of sublots: 1, 1, 1, 2, 1, 1, 1, 2, 1, 1, 1, 1, 1, 2, 1, 1, 1, 1, 1, 2, 1, 1, 2, 2, 2, 1, 1, 1, 1

*****************E-33 Tabu BENDERS RESULTs  *****************
Job sequence: 4, 3, 4, 3, 7, 2, 7, 2, 2, 5, 1, 5, 9, 9, 6, 12, 12, 12, 6, 8, 8, 8, 10, 10, 11, 11, 11 Number of sublots: 1, 2, 2, 1, 1, 1, 2, 1, 1, 2, 3, 1, 2, 1, 1, 1, 1, 1, 2, 1, 1, 1, 2, 1, 1, 1, 1

*****************E-34 Tabu BENDERS RESULTs  *****************
Job sequence: 4, 6, 4, 6, 4, 6, 10, 10, 11, 11, 9, 2, 8, 9, 2, 2, 8, 8, 1, 5, 5, 3, 3, 1, 1, 7, 12, 7, 12, 7 Number of sublots: 1, 1, 1, 1, 1, 1, 1, 2, 2, 1, 2, 1, 1, 1, 1, 1, 1, 1, 1, 2, 1, 2, 1, 1, 1, 1, 2, 1, 1, 1

*****************E-35 Tabu BENDERS RESULTs  *****************
Job sequence: 7, 9, 9, 9, 7, 3, 7, 3, 8, 3, 8, 10, 1, 10, 1, 11, 1, 12, 11, 12, 12, 5, 5, 5, 2, 2, 4, 2, 4, 4, 6, 6, 6 Number of sublots: 1, 1, 1, 1, 1, 1, 1, 1, 1, 1, 2, 1, 1, 2, 1, 1, 1, 1, 2, 1, 1, 1, 1, 1, 1, 1, 1, 1, 1, 1, 1, 1, 1

*****************E-36 Tabu BENDERS RESULTs  *****************
Job sequence: 7, 1, 7, 1, 8, 10, 4, 4, 10, 10, 8, 8, 11, 3, 11, 3, 11, 3, 6, 6, 12, 6, 12, 12, 2, 2, 2, 5, 5, 5, 9, 9, 9 Number of sublots: 1, 1, 2, 2, 1, 1, 1, 2, 1, 1, 1, 1, 1, 1, 1, 1, 1, 1, 1, 1, 1, 1, 1, 1, 1, 1, 1, 1, 1, 1, 1, 1, 1

*****************E-37 Tabu BENDERS RESULTs  *****************
Job sequence: 8, 3, 7, 10, 8, 8, 3, 7, 7, 10, 5, 9, 5, 9, 11, 9, 11, 11, 4, 12, 4, 12, 12, 1, 1, 6, 6, 6, 2, 2, 2 Number of sublots: 1, 1, 1, 1, 1, 1, 2, 1, 1, 2, 2, 1, 1, 1, 1, 1, 1, 1, 2, 1, 1, 1, 1, 1, 2, 1, 1, 1, 1, 1, 1

*****************E-38 Tabu BENDERS RESULTs  *****************
Job sequence: 6, 12, 12, 3, 4, 1, 6, 9, 1, 3, 9, 1, 3, 9, 4, 5, 5, 7, 7, 2, 11, 2, 11, 8, 8, 10 Number of sublots: 1, 1, 2, 1, 1, 1, 2, 1, 1, 1, 1, 1, 1, 1, 2, 1, 2, 1, 2, 2, 1, 1, 2, 2, 1, 3

*****************E-39 Tabu BENDERS RESULTs  *****************
Job sequence: 4, 2, 3, 4, 2, 3, 4, 2, 3, 10, 1, 9, 10, 10, 9, 1, 9, 1, 5, 5, 12, 5, 12, 12, 11, 11, 8, 8, 8, 11, 6, 6, 6, 7, 7, 7 Number of sublots: 1, 1, 1, 1, 1, 1, 1, 1, 1, 1, 1, 1, 1, 1, 1, 1, 1, 1, 1, 1, 1, 1, 1, 1, 1, 1, 1, 1, 1, 1, 1, 1, 1, 1, 1, 1

*****************E-40 Tabu BENDERS RESULTs  *****************
Job sequence: 5, 5, 5, 4, 4, 4, 11, 11, 9, 9, 11, 3, 3, 3, 12, 12, 12, 1, 1, 1, 6, 6, 7, 8, 7, 8, 10, 2, 2, 10 Number of sublots: 1, 1, 1, 1, 1, 1, 1, 1, 1, 2, 1, 1, 1, 1, 1, 1, 1, 1, 1, 1, 2, 1, 1, 1, 2, 2, 1, 1, 2, 2

