*****************U-31 Tabu BENDERS RESULTs  *****************
Job sequence: 4, 9, 5, 3, 3, 4, 9, 9, 5, 12, 4, 2, 2, 12, 12, 11, 1, 11, 1, 6, 10, 6, 6, 10, 8, 8, 7, 7, 7 Number of sublots: 1, 1, 1, 1, 2, 1, 1, 1, 2, 1, 1, 2, 1, 1, 1, 2, 1, 1, 2, 1, 1, 1, 1, 2, 2, 1, 1, 1, 1

*****************U-32 Tabu BENDERS RESULTs  *****************
Job sequence: 9, 8, 12, 12, 12, 9, 8, 6, 8, 6, 2, 2, 11, 2, 11, 5, 5, 4, 5, 4, 7, 7, 3, 3, 10, 10, 10, 1 Number of sublots: 1, 1, 1, 1, 1, 2, 1, 1, 1, 2, 1, 1, 1, 1, 2, 1, 1, 1, 1, 2, 2, 1, 2, 1, 1, 1, 1, 3

*****************U-33 Tabu BENDERS RESULTs  *****************
Job sequence: 4, 3, 4, 2, 4, 2, 2, 1, 3, 1, 9, 9, 5, 6, 10, 6, 7, 10, 11, 11, 8, 8, 8, 12, 12, 12 Number of sublots: 1, 1, 1, 1, 1, 1, 1, 1, 2, 2, 2, 1, 3, 2, 1, 1, 3, 2, 1, 2, 1, 1, 1, 1, 1, 1

*****************U-34 Tabu BENDERS RESULTs  *****************
Job sequence: 4, 10, 4, 10, 4, 3, 3, 5, 11, 5, 6, 6, 1, 2, 1, 2, 8, 8, 2, 9, 9, 9, 7, 7, 12, 12, 12 Number of sublots: 1, 1, 1, 2, 1, 2, 1, 1, 3, 2, 1, 2, 1, 1, 2, 1, 1, 2, 1, 1, 1, 1, 2, 1, 1, 1, 1

*****************U-35 Tabu BENDERS RESULTs  *****************
Job sequence: 5, 7, 7, 10, 5, 4, 10, 5, 7, 3, 3, 3, 4, 6, 6, 6, 8, 2, 8, 2, 9, 8, 9, 1, 11, 1, 11, 11, 12, 12, 12 Number of sublots: 1, 1, 1, 1, 1, 1, 2, 1, 1, 1, 1, 1, 2, 1, 1, 1, 1, 2, 1, 1, 1, 1, 2, 2, 1, 1, 1, 1, 1, 1, 1

*****************U-36 Tabu BENDERS RESULTs  *****************
Job sequence: 4, 2, 3, 4, 3, 4, 2, 3, 9, 2, 9, 10, 10, 11, 1, 10, 11, 1, 1, 5, 11, 5, 5, 12, 12, 7, 7, 7, 6, 6, 8, 8 Number of sublots: 1, 1, 1, 1, 1, 1, 1, 1, 2, 1, 1, 1, 1, 1, 1, 1, 1, 1, 1, 1, 1, 1, 1, 2, 1, 1, 1, 1, 2, 1, 2, 1

*****************U-37 Tabu BENDERS RESULTs  *****************
Job sequence: 5, 5, 5, 11, 9, 9, 11, 11, 4, 4, 4, 6, 12, 12, 6, 7, 8, 3, 7, 8, 7, 3, 3, 10, 10, 1, 1, 2, 2 Number of sublots: 1, 1, 1, 1, 2, 1, 1, 1, 1, 1, 1, 1, 1, 2, 2, 1, 1, 1, 1, 2, 1, 1, 1, 1, 2, 1, 2, 1, 2

*****************U-38 Tabu BENDERS RESULTs  *****************
Job sequence: 3, 11, 6, 11, 6, 11, 5, 6, 5, 5, 4, 4, 4, 1, 2, 3, 9, 1, 1, 2, 9, 9, 2, 3, 8, 8, 8, 10, 10, 10, 7, 7, 7, 12, 12, 12 Number of sublots: 1, 1, 1, 1, 1, 1, 1, 1, 1, 1, 1, 1, 1, 1, 1, 1, 1, 1, 1, 1, 1, 1, 1, 1, 1, 1, 1, 1, 1, 1, 1, 1, 1, 1, 1, 1

*****************U-39 Tabu BENDERS RESULTs  *****************
Job sequence: 8, 8, 8, 5, 5, 5, 3, 2, 3, 2, 3, 2, 4, 9, 4, 9, 4, 9, 11, 6, 11, 11, 10, 6, 6, 10, 7, 10, 7, 7, 12, 12, 12, 1, 1 Number of sublots: 1, 1, 1, 1, 1, 1, 1, 1, 1, 1, 1, 1, 1, 1, 1, 1, 1, 1, 1, 1, 1, 1, 1, 1, 1, 1, 1, 1, 1, 1, 1, 1, 1, 2, 1

*****************U-40 Tabu BENDERS RESULTs  *****************
Job sequence: 8, 8, 9, 7, 8, 9, 6, 9, 6, 6, 7, 7, 12, 4, 12, 12, 4, 11, 4, 10, 11, 10, 11, 10, 1, 1, 1, 3, 3, 3, 5, 5, 5, 2, 2, 2 Number of sublots: 1, 1, 1, 1, 1, 1, 1, 1, 1, 1, 1, 1, 1, 1, 1, 1, 1, 1, 1, 1, 1, 1, 1, 1, 1, 1, 1, 1, 1, 1, 1, 1, 1, 1, 1, 1

