Processing time:
64 43 9 38 2
44 97 87 85 74
58 49 3 29 16
7 2 15 26 21
69 54 55 23 10
12 12 5 28 98
5 31 8 19 74

Setup time:
52 64 44 58 7 69 12
73 49 43 97 49 2 54
21 13 51 9 87 3 15
49 3 56 56 38 85 29
58 36 11 98 40 2 74
81 27 52 21 1 47 79
49 56 9 6 54 57 53

42 55 67 89 88 42 33
34 46 20 48 2 60 36
75 67 41 58 54 50 41
80 44 32 41 15 45 25
13 35 52 63 43 58 13
12 57 70 92 1 51 72
31 40 29 78 57 42 40

55 19 65 52 36 89 95
45 53 36 90 71 37 69
55 89 48 60 39 94 82
64 75 6 52 41 4 5
95 95 56 53 41 48 61
38 15 3 75 4 43 48
35 79 88 29 7 18 46

53 90 14 84 10 15 38
56 54 56 72 23 95 50
73 10 50 74 93 22 75
28 3 21 57 12 72 29
98 87 40 74 48 22 23
31 87 25 47 70 59 1
16 72 96 47 9 56 49

59 73 49 53 20 97 58
3 52 73 13 47 76 15
14 39 47 76 92 59 95
51 74 85 43 6 13 32
69 23 32 13 59 5 42
7 94 94 68 4 49 60
29 43 60 14 46 3 49

Due dates (exponential distribution):
547
1097
1899
696
2112
2474
1265
