Processing time:
9 91 96 73 37
19 54 78 88 94
86 71 7 17 51
38 36 72 24 1
71 13 80 53 9
82 44 38 86 16
12 27 17 10 89

Setup time:
48 9 19 86 38 71 82
76 59 91 54 71 36 13
21 4 50 96 78 7 72
20 75 24 46 73 88 17
69 80 49 74 53 37 94
63 17 98 2 19 50 28
42 61 87 89 76 46 59

45 56 69 90 9 81 65
3 46 65 39 68 40 82
99 96 57 1 62 84 42
54 45 39 48 85 40 21
82 2 31 27 57 81 34
72 26 59 51 74 55 3
69 47 17 35 45 30 46

57 45 49 53 86 58 41
57 55 19 7 72 35 73
89 54 41 87 34 22 84
53 29 33 51 69 8 33
63 9 29 50 55 79 54
82 22 98 27 98 43 15
36 48 7 10 35 25 45

55 92 6 37 77 80 41
2 49 38 73 28 97 20
30 33 46 32 51 38 8
50 76 16 45 68 3 58
81 53 65 89 41 50 78
29 67 72 5 79 53 30
35 9 55 8 93 11 56

43 54 64 19 34 16 63
11 56 24 9 45 42 89
18 65 53 28 4 46 11
75 52 30 56 43 58 59
11 92 15 19 56 17 69
41 20 92 28 42 56 34
32 44 27 88 78 88 44

Due dates (exponential distribution):
2081
2607
651
1246
812
2363
1708
