Processing time:
64 43 9 38 2
44 97 87 85 74
58 49 3 29 16
7 2 15 26 21
69 54 55 23 10
12 12 5 28 98
5 31 8 19 74

Setup time:
12 32 22 29 4 34 6
36 12 21 48 24 1 27
11 7 6 5 43 2 8
25 2 28 1 19 42 15
29 18 6 49 18 1 37
40 14 26 10 1 7 39
24 28 5 3 27 28 3

17 27 34 44 44 21 16
17 4 10 24 1 30 18
38 33 17 29 27 25 20
40 22 16 3 8 23 13
7 18 26 31 11 29 6
6 29 35 46 1 8 36
16 20 14 39 29 21 3

16 10 32 26 18 44 47
23 10 18 45 35 19 35
28 44 7 30 20 47 41
32 38 3 2 20 2 3
47 47 28 27 6 24 31
19 8 2 37 2 10 24
17 39 44 15 4 9 3

8 45 7 42 5 8 19
28 19 28 36 12 47 25
36 5 2 37 46 11 38
14 2 11 5 6 36 15
49 43 20 37 14 11 11
16 43 13 24 35 5 1
8 36 48 24 5 28 8

9 36 24 27 10 48 29
2 12 36 7 23 38 8
7 20 16 38 46 29 47
25 37 42 8 3 7 16
34 12 16 7 18 3 21
4 47 47 34 2 8 30
14 22 30 7 23 2 7

Due dates (uniform distribution):
956 100
1681 100
456 100
469 100
2133 100
1319 100
838 100
