Processing time:
80 59 59 31 30 53 93 90
13 83 70 64 88 19 79 92
64 85 76 11 14 99 88 35
77 85 10 9 22 62 77 13
17 70 65 32 93 88 94 75
78 35 19 58 48 93 39 55
82 2 77 98 10 34 74 80
4 76 86 95 7 72 46 67
72 46 21 25 14 42 17 3
93 72 75 4 91 65 30 93
68 69 96 45 5 39 62 54
25 46 3 60 43 79 77 67

Setup time:
41 80 13 64 77 17 78 82 4 72 93 68
30 56 59 83 85 85 70 35 2 76 46 72
59 82 58 59 70 76 10 65 19 77 86 21
55 70 32 56 31 64 11 9 32 58 98 95
22 95 73 77 48 30 88 14 22 93 48 10
34 77 81 11 10 53 53 19 99 62 88 93
72 29 36 48 57 95 54 93 79 88 77 94
98 48 14 45 25 98 30 54 90 92 35 13
25 77 38 98 96 20 15 36 48 65 97 27
21 29 3 96 51 26 44 56 31 48 64 38
90 63 85 36 69 67 81 18 81 72 40 71
69 76 2 14 3 22 26 44 1 4 16 55

40 11 21 85 6 40 68 30 35 58 31 11
63 56 92 62 11 83 87 66 98 42 23 45
81 92 47 68 46 56 88 50 13 23 13 49
63 58 36 58 64 52 8 94 51 36 82 30
47 66 19 66 42 61 60 98 82 79 71 28
49 83 48 13 78 47 96 77 68 88 77 76
75 45 98 90 4 23 44 61 86 16 42 14
95 53 59 34 66 42 63 43 27 92 8 65
14 74 59 95 48 37 59 4 46 42 93 32
38 4 31 62 39 97 57 9 54 42 13 47
62 14 90 76 12 89 37 35 91 69 47 55
61 10 87 99 40 91 64 62 53 33 16 42

49 97 38 57 23 40 63 1 28 18 94 67
29 56 62 59 91 85 34 86 13 73 43 1
68 23 43 50 90 39 34 66 81 27 48 46
1 65 87 43 78 56 9 43 84 73 66 38
65 93 39 1 55 36 43 10 19 55 48 85
54 87 85 4 72 55 85 88 60 98 4 99
43 41 80 4 31 19 40 9 92 98 44 51
84 69 49 93 39 13 88 47 75 64 96 95
61 69 37 57 36 80 96 74 48 46 94 6
70 36 31 76 63 89 46 25 88 42 73 3
10 46 65 83 75 47 61 28 59 22 54 71
6 6 33 79 10 93 65 26 73 42 18 52

40 20 78 38 26 64 62 11 38 68 37 74
97 48 88 30 34 33 21 7 94 10 73 85
31 49 57 9 41 22 34 83 55 3 8 75
17 2 19 53 71 27 55 90 11 18 42 64
41 85 75 38 44 13 11 73 43 27 33 57
58 23 79 99 23 57 61 25 52 72 89 75
68 75 37 13 65 7 40 21 8 5 8 58
29 94 41 51 87 97 11 40 91 13 7 95
60 49 49 65 85 52 8 58 58 2 23 6
53 71 12 67 15 76 12 44 36 47 91 48
40 74 92 93 50 4 13 25 62 21 43 46
14 89 49 52 62 54 49 98 88 49 92 46

57 19 60 82 15 19 5 17 72 39 6 79
10 40 92 93 54 58 51 32 74 76 28 86
65 11 58 6 99 64 74 60 96 75 66 76
40 43 66 59 60 4 1 41 18 8 49 28
19 72 22 10 57 27 69 78 90 23 6 23
73 31 11 60 57 51 88 38 43 30 77 85
91 27 17 13 21 82 46 91 11 88 99 8
97 27 17 97 96 1 30 51 5 78 58 20
84 93 83 58 92 82 12 89 50 81 20 4
29 45 27 71 89 21 78 4 17 52 97 49
91 94 77 80 20 48 90 30 5 20 58 46
76 60 65 91 63 67 26 57 22 67 70 58

58 7 88 67 22 98 99 82 59 80 31 65
54 40 34 90 29 75 74 59 64 67 70 90
37 68 44 32 29 42 69 74 9 24 15 40
93 88 68 51 20 18 16 98 24 98 83 35
97 52 87 89 54 97 80 65 92 51 77 14
66 22 9 41 24 53 25 67 58 68 24 61
69 74 10 72 36 39 43 9 28 22 27 24
80 85 39 60 36 74 35 52 83 50 27 44
89 8 4 46 12 4 13 75 59 72 65 4
65 47 35 7 14 11 80 29 43 46 76 34
18 23 11 3 77 95 3 81 85 64 56 15
3 11 54 27 30 9 15 88 55 50 57 40

40 8 91 45 55 75 18 59 86 45 89 11
19 44 36 86 70 53 31 62 93 71 81 21
87 29 40 61 78 11 41 63 92 21 7 72
30 50 92 50 65 72 33 49 7 60 36 56
95 59 98 21 47 5 32 12 16 43 8 83
87 81 92 23 64 44 83 96 91 89 61 7
49 81 47 2 91 13 54 94 43 6 47 45
75 7 5 82 20 31 32 41 3 18 43 41
61 67 55 72 16 12 87 21 58 39 23 28
81 9 52 67 77 45 7 21 26 43 1 92
44 66 31 8 79 42 85 92 89 29 41 63
58 27 7 7 54 31 94 25 8 61 51 45

42 63 20 70 12 1 75 72 79 48 77 16
32 42 75 56 87 52 77 78 93 65 21 35
40 29 54 20 50 37 68 23 64 15 10 20
54 45 51 53 57 28 27 51 42 95 94 35
32 92 71 63 41 73 11 38 53 79 40 56
64 67 15 24 74 48 71 18 93 74 30 86
98 29 13 64 56 81 45 38 4 40 98 22
93 62 87 27 33 58 26 56 43 34 39 10
36 86 20 25 97 20 57 44 55 67 87 94
26 34 31 5 82 25 63 60 48 48 28 67
41 85 5 10 21 52 10 62 11 77 52 26
81 90 8 13 11 35 30 60 20 7 6 56

Due dates (normal distribution):
2431 100
856 100
2094 100
597 100
1247 100
1840 100
2778 100
1550 100
1082 100
850 100
2518 100
1246 100
