Processing time:
39 9 72 93 8 75 16 98
16 19 13 77 83 70 98 49
84 71 49 20 29 16 85 46
51 7 37 1 87 72 63 66
19 23 89 60 77 85 10 63
57 7 37 36 15 94 14 88
33 65 58 85 26 49 82 41
1 56 4 18 97 40 39 13
23 37 13 97 44 64 23 43
39 87 48 24 85 98 29 54
27 43 4 60 22 46 30 69
37 4 43 28 17 18 99 97

Setup time:
49 39 16 84 51 19 57 33 1 23 39 27
36 45 9 19 71 7 23 7 65 56 37 87
80 24 47 72 13 49 37 89 37 58 4 13
21 60 26 42 93 77 20 1 60 36 85 18
4 83 91 38 51 8 83 29 87 77 15 26
84 13 26 16 48 50 75 70 16 72 85 94
77 74 77 32 65 91 58 16 98 85 63 10
16 34 28 69 85 50 58 55 98 49 46 66
10 51 95 51 92 71 98 33 59 65 93 14
21 98 64 50 74 77 32 70 95 50 21 98
29 29 20 68 84 29 75 85 98 68 43 20
7 74 84 13 40 68 85 35 39 11 79 51

40 17 17 34 94 86 41 66 70 81 1 60
27 54 3 21 75 41 50 39 32 87 9 72
45 54 54 81 70 7 56 61 6 67 87 9
33 85 63 59 48 60 16 57 49 83 90 62
29 53 92 58 42 84 27 82 13 96 58 81
23 47 71 23 34 58 53 34 79 62 53 64
34 14 35 16 75 59 41 28 70 36 45 3
22 9 50 81 60 21 2 53 93 99 97 28
99 27 53 10 12 75 22 32 41 85 43 31
11 93 59 75 83 60 69 65 34 45 25 53
57 37 53 31 3 85 26 67 8 60 47 72
32 83 78 88 45 99 34 73 92 4 19 57

59 58 26 79 35 16 53 72 30 33 38 23
49 40 85 30 25 12 22 30 12 53 51 50
94 75 45 94 7 77 96 40 14 21 41 95
59 91 98 42 49 4 27 2 29 70 6 64
32 97 14 57 40 55 68 10 36 90 3 66
80 77 29 21 72 52 33 52 2 40 6 59
10 2 78 90 58 63 41 65 45 89 51 11
60 31 48 25 21 43 14 43 10 64 76 5
93 23 11 73 7 33 73 8 41 75 73 74
21 68 11 28 70 80 1 80 69 40 52 19
58 45 3 24 36 50 55 36 2 43 48 35
97 94 30 45 45 28 39 91 85 93 60 47

44 67 97 13 60 1 35 7 77 54 62 82
3 59 97 76 45 38 89 36 60 59 18 74
42 6 56 5 87 87 10 55 58 13 53 5
15 78 45 47 47 12 19 32 63 78 77 51
34 77 80 7 44 11 2 91 99 5 43 39
92 55 51 11 22 58 75 49 95 88 6 19
63 44 80 7 72 95 53 40 48 41 15 18
50 79 30 2 30 78 99 51 42 99 16 58
35 5 68 43 69 9 78 57 54 94 93 53
19 72 62 78 83 98 83 58 61 49 47 16
66 62 96 22 95 81 92 20 51 71 45 30
36 18 64 58 1 72 10 20 6 40 91 59

59 81 42 11 12 55 75 10 91 87 5 44
85 48 55 33 9 20 26 80 98 88 55 78
81 14 56 52 50 80 48 22 10 56 18 67
19 56 96 41 44 94 83 30 65 61 21 76
61 10 84 78 48 74 26 84 41 3 46 39
30 43 95 41 97 51 70 92 36 70 37 36
31 75 80 73 32 56 48 84 20 64 44 69
62 83 32 12 38 22 92 51 63 61 46 6
38 21 80 47 24 95 80 65 41 72 91 21
3 84 30 91 5 11 41 14 28 51 78 58
74 2 31 37 78 74 51 41 78 26 52 33
64 44 4 99 43 43 11 60 53 45 63 51

45 74 71 89 81 59 62 64 62 67 68 87
13 48 13 38 37 11 12 63 97 26 27 89
30 53 57 46 26 31 1 43 27 91 70 89
50 93 77 47 6 77 7 63 21 85 67 77
71 79 22 77 50 59 11 69 85 7 85 42
96 92 74 33 90 49 12 5 15 16 64 6
33 38 32 12 90 46 46 8 78 95 28 47
77 4 33 87 47 5 81 45 25 31 83 45
76 90 1 24 1 77 91 78 54 93 32 97
59 69 68 46 4 90 76 97 33 54 23 46
6 58 71 53 36 80 8 27 21 66 41 98
86 24 28 73 72 19 20 8 20 45 59 46

47 47 96 25 32 42 1 45 55 13 11 73
10 49 26 17 43 41 8 77 5 25 87 4
73 47 56 62 94 63 94 39 98 11 33 10
92 49 84 52 45 72 53 58 19 25 90 13
60 23 30 42 43 96 13 28 81 6 66 22
45 39 68 99 40 59 57 77 11 54 66 44
22 23 56 61 79 63 57 9 65 71 49 53
93 49 6 50 61 6 92 46 28 25 88 26
57 29 6 64 12 56 75 21 55 67 81 1
87 18 26 68 11 64 98 70 1 58 1 15
77 79 5 7 35 27 99 61 11 72 58 11
74 12 71 62 2 85 42 19 48 48 29 52

50 19 87 7 9 1 60 81 11 12 22 45
63 50 68 99 9 75 28 29 33 76 98 24
60 84 59 65 4 10 87 31 52 35 89 28
85 97 65 44 64 38 54 26 40 75 59 38
79 57 8 46 46 27 28 62 34 18 63 74
8 14 68 4 63 46 27 61 65 7 14 16
57 11 32 21 73 75 54 46 34 50 47 22
38 19 65 23 77 71 90 44 87 72 33 50
39 13 59 99 98 76 52 43 50 79 64 4
33 83 28 46 71 59 15 50 53 53 51 56
38 19 37 75 8 63 91 38 92 25 51 19
18 56 83 49 14 1 23 72 24 63 15 53

Due dates (normal distribution):
1821 100
2012 100
947 100
898 100
2297 100
1632 100
863 100
753 100
1403 100
1660 100
1155 100
950 100
