Processing time:
74 70 84 63 72 78 33 87
26 92 20 61 91 58 70 20
84 36 64 46 21 53 10 71
41 70 44 6 70 17 45 95
3 37 69 83 12 36 70 71
46 36 63 49 67 3 2 99
39 42 94 78 65 83 92 79
90 34 86 84 90 91 50 19
62 29 66 97 47 73 54 41
63 80 97 56 82 81 64 74
74 91 25 76 62 74 44 8
4 56 90 9 3 2 4 55

Setup time:
53 74 26 84 41 3 46 39 90 62 63 74
97 51 70 92 36 70 37 36 42 34 29 80
32 56 57 84 20 64 44 69 63 94 86 66
38 22 92 57 63 61 46 6 83 49 78 84
24 95 80 65 40 72 91 21 70 12 67 65
5 11 41 14 28 52 78 58 53 17 36 3
78 74 51 41 78 26 43 33 70 10 45 70
43 43 11 60 53 45 63 53 87 20 71 95
87 87 37 52 36 6 42 30 57 3 86 3
6 33 3 25 61 93 69 53 47 48 28 36
9 33 80 27 42 60 96 81 31 88 50 17
62 55 25 68 56 5 14 20 19 92 88 54

40 59 11 69 85 7 85 42 44 74 69 68
90 45 12 5 15 16 64 6 65 53 19 93
90 46 54 8 78 95 28 47 10 16 45 18
47 5 81 45 25 31 83 45 23 30 89 40
1 77 91 78 58 93 32 97 85 91 40 67
4 90 76 97 33 43 23 46 36 70 98 45
36 80 8 27 21 66 51 98 97 69 24 10
72 19 20 8 20 45 59 40 51 54 58 16
61 77 63 67 1 59 18 26 51 45 82 78
1 76 8 15 69 5 31 39 34 55 9 81
29 68 59 76 86 43 12 18 55 21 59 9
15 7 26 58 30 5 7 40 50 30 64 43

48 96 13 28 81 6 66 22 51 51 73 67
40 52 57 77 11 54 66 44 96 95 60 74
79 63 48 9 65 71 49 53 17 26 41 85
61 6 92 46 28 25 88 26 6 90 70 74
12 56 75 21 54 67 81 1 89 20 99 91
11 64 98 70 1 50 1 15 31 46 80 99
35 27 99 61 11 72 45 11 27 80 76 33
2 85 42 19 48 48 29 47 67 40 23 23
14 68 98 56 71 87 96 89 56 31 31 77
33 73 80 5 81 22 36 67 8 58 90 81
60 20 52 94 55 7 91 37 12 48 47 26
42 85 61 42 37 73 93 5 35 13 6 58

54 27 28 62 34 18 63 74 26 28 78 55
63 49 27 61 65 7 14 16 3 31 56 67
73 75 45 46 34 50 47 22 81 42 4 49
77 71 90 53 87 72 33 50 77 83 89 90
98 76 52 43 46 79 64 4 19 45 80 15
71 59 15 50 53 44 51 56 76 48 11 35
8 63 91 38 92 25 49 19 42 89 80 11
14 1 23 72 24 63 15 51 33 93 5 78
2 90 96 93 3 53 97 51 55 38 90 23
46 60 72 33 50 25 14 20 50 59 32 87
91 20 32 9 72 11 5 17 66 17 47 92
70 22 63 63 38 53 73 37 68 38 10 56

44 51 96 50 38 28 8 70 51 77 83 71
22 48 17 51 52 15 1 99 62 72 45 90
41 97 51 67 1 58 73 62 9 88 6 34
72 96 91 49 49 92 3 45 28 37 51 96
58 48 37 3 43 29 28 63 73 99 55 79
10 42 72 59 45 53 54 71 44 49 78 7
92 91 28 86 76 36 54 29 5 77 81 73
83 98 31 37 48 59 28 50 91 88 51 62
17 75 82 89 48 60 26 52 49 65 10 27
91 70 83 49 7 54 25 6 87 58 19 6
7 29 89 84 33 95 64 9 44 23 47 45
99 56 3 2 23 75 17 46 83 98 30 43

59 59 66 35 61 70 17 98 40 46 88 93
8 52 16 12 86 71 53 13 32 64 53 51
17 17 43 86 16 59 43 1 18 87 27 94
92 71 53 59 28 97 55 91 33 12 12 36
12 84 2 34 43 9 98 83 98 70 3 76
34 97 92 62 81 54 76 72 23 74 99 74
91 27 69 29 79 95 45 20 88 54 46 46
51 12 65 85 48 73 1 55 4 46 80 72
66 3 52 3 51 89 78 62 48 40 8 32
36 11 27 9 16 57 87 58 25 54 52 92
37 98 68 74 7 64 24 85 31 51 50 25
14 88 98 80 32 56 55 97 12 83 15 46

47 46 49 54 71 19 30 73 97 94 42 67
30 44 53 73 13 85 70 95 89 61 48 40
82 91 55 43 50 76 39 7 67 33 24 22
28 74 72 43 57 73 18 81 52 55 41 51
82 80 60 81 41 82 6 48 35 83 43 1
7 75 96 69 45 41 52 32 18 36 44 76
66 60 26 64 69 70 51 1 14 23 13 92
29 12 53 22 53 14 2 52 24 10 50 16
51 50 37 35 55 88 36 6 47 21 5 66
50 75 79 77 62 23 57 49 80 56 76 46
66 50 73 38 21 14 26 28 87 81 53 74
77 7 27 92 48 86 46 20 62 44 97 49

55 19 28 48 52 64 96 90 95 89 95 28
56 49 17 93 8 11 77 86 87 11 17 31
84 91 47 48 12 45 10 48 21 37 49 66
55 28 98 53 40 52 40 11 2 41 17 38
51 88 80 66 57 55 92 14 81 32 65 89
96 74 83 70 84 59 33 84 65 82 37 72
21 23 62 72 33 35 42 39 75 57 83 74
89 64 63 70 53 28 59 40 9 34 55 61
40 27 59 86 62 25 44 49 58 92 31 27
34 34 31 39 24 95 42 37 93 59 91 36
26 37 39 45 14 37 70 44 67 70 50 77
58 69 83 31 97 54 86 61 68 47 46 59

Due dates (normal distribution):
794 100
2311 100
1243 100
2011 100
2026 100
1506 100
1757 100
2144 100
801 100
2249 100
2054 100
355 100
