Processing time:
74 28 89 60 54 92 9 4
21 3 52 88 66 11 8 18
58 27 56 26 12 54 88 25
4 61 13 58 57 97 72 28
21 34 7 76 70 57 27 95
28 76 32 98 82 53 22 51
58 64 32 29 99 65 50 84
83 87 98 47 84 77 2 18
31 54 46 79 16 51 49 6
61 98 60 26 41 36 82 90
94 76 23 19 23 53 93 69
44 41 87 48 11 19 96 61

Setup time:
1 37 11 29 2 11 14 29 41 16 30 47
41 7 14 2 14 30 17 38 32 43 27 49
25 36 6 44 26 28 7 4 16 16 49 23
17 18 24 12 30 44 13 29 38 49 14 23
12 5 42 28 2 27 33 6 29 35 41 49
3 3 20 29 16 8 46 6 27 48 28 27
20 28 39 37 12 2 17 5 4 44 36 14
7 30 6 18 45 42 33 18 2 9 13 14
28 3 37 2 19 14 2 40 4 12 8 45
41 42 32 37 7 9 24 48 43 19 8 42
21 33 35 45 34 2 49 2 36 31 17 37
7 12 36 19 40 41 44 13 3 44 34 16

8 23 30 9 48 7 4 22 4 36 8 33
43 4 38 47 4 28 15 40 27 37 33 43
11 14 11 19 15 23 9 46 29 42 29 48
25 4 13 16 7 10 8 5 42 23 21 9
40 29 38 29 2 6 1 18 15 44 5 44
49 31 41 35 42 8 41 7 42 23 10 16
4 27 4 36 15 37 15 42 29 13 39 37
27 43 15 35 40 47 6 4 49 28 23 35
15 48 14 43 34 12 37 11 11 15 33 24
44 28 35 30 17 44 16 23 30 13 9 8
23 32 15 32 40 41 15 6 29 46 13 11
40 38 11 17 15 11 23 13 45 12 49 12

6 15 35 37 43 34 31 30 15 32 6 28
36 8 15 36 3 38 21 34 48 1 44 1
10 8 11 16 40 5 3 45 29 45 13 48
34 24 6 15 47 29 2 11 43 9 19 34
15 37 40 36 19 10 12 1 22 24 5 32
13 28 28 29 32 5 43 29 33 35 6 36
47 34 40 26 48 8 15 42 9 40 23 39
14 9 20 36 6 41 44 5 44 33 48 34
46 24 31 45 32 2 4 14 1 16 13 24
27 42 21 13 16 32 5 22 23 5 2 6
46 33 26 26 29 28 20 9 39 39 10 32
12 43 35 44 26 14 10 35 34 25 23 1

10 2 1 15 26 33 1 31 18 7 27 37
26 8 2 42 24 3 49 15 34 9 37 31
1 40 4 20 44 48 28 49 5 27 24 34
36 29 2 19 35 13 47 2 9 25 5 32
39 28 18 41 10 28 37 18 28 4 14 27
37 27 2 17 23 2 46 23 9 22 4 13
10 30 45 4 45 15 17 17 20 20 48 13
14 29 39 39 23 11 7 7 27 49 12 27
6 48 45 26 14 42 17 31 15 37 11 9
14 28 11 40 28 32 11 13 9 13 34 45
12 11 40 8 27 17 16 11 12 38 9 5
41 4 21 15 9 10 42 6 33 22 41 2

10 35 26 24 9 27 44 47 19 10 42 32
6 12 40 1 31 13 45 5 30 28 7 21
39 8 3 36 10 11 42 12 36 3 37 9
33 20 10 8 1 47 25 24 39 34 4 24
22 25 29 47 8 46 35 14 49 12 12 12
29 47 11 11 46 7 35 18 14 28 44 18
47 33 23 8 47 9 13 37 28 4 15 24
9 18 14 39 16 30 35 8 38 34 47 18
37 20 8 28 43 26 27 41 4 25 18 11
11 42 44 32 9 26 1 27 10 4 1 20
8 34 25 29 13 30 30 18 31 4 11 13
10 32 2 28 38 41 6 48 37 39 2 3

5 47 13 36 6 30 9 39 26 37 29 31
28 4 1 24 21 15 3 25 47 8 48 30
48 17 13 4 15 13 30 6 15 23 27 24
16 25 25 5 37 41 14 37 26 12 24 42
18 26 30 1 19 24 32 9 10 15 26 46
36 14 18 14 49 12 5 48 23 10 12 9
32 39 38 49 45 22 4 22 49 5 18 34
39 7 13 22 26 49 21 2 24 9 45 21
46 8 40 21 13 45 22 42 6 44 46 48
40 6 30 14 27 48 48 28 27 12 43 42
33 22 17 45 6 38 37 46 8 27 9 46
1 10 43 43 45 11 11 22 39 3 30 2

16 30 41 12 49 2 48 12 25 27 45 23
21 7 41 11 39 47 23 12 20 47 43 19
32 29 19 1 34 41 45 15 31 3 46 27
10 8 24 12 6 6 40 5 12 38 16 17
18 4 19 11 7 2 38 33 3 23 36 33
33 18 26 13 26 11 14 18 34 11 36 30
9 31 48 29 26 46 13 32 28 29 18 11
22 19 38 35 36 43 4 4 5 42 21 34
41 13 46 14 20 7 37 33 2 43 5 14
17 44 31 24 33 38 8 9 27 11 12 28
46 7 21 15 43 9 11 30 38 20 9 42
14 38 40 10 38 27 33 32 4 9 28 12

2 15 32 6 5 16 29 49 47 13 2 22
39 5 15 44 7 11 46 24 5 3 7 45
6 5 12 27 10 49 31 44 46 17 36 21
24 29 47 8 46 39 44 38 47 19 37 23
22 13 49 15 11 45 46 17 6 38 27 40
49 48 10 8 18 6 33 48 14 13 30 12
48 26 13 22 28 16 2 32 19 22 23 33
18 35 33 40 9 41 36 4 35 45 30 41
7 2 11 13 22 1 2 8 4 27 22 43
14 42 29 49 7 16 47 15 7 3 34 10
14 46 24 32 32 17 5 28 25 48 13 26
45 21 44 18 22 44 45 7 31 33 37 16

Due dates (normal distribution):
1873 100
531 100
862 100
1488 100
1736 100
2206 100
1266 100
791 100
2311 100
1903 100
2291 100
1778 100
