Processing time:
80 59 59 31 30 53 93 90
13 83 70 64 88 19 79 92
64 85 76 11 14 99 88 35
77 85 10 9 22 62 77 13
17 70 65 32 93 88 94 75
78 35 19 58 48 93 39 55
82 2 77 98 10 34 74 80
4 76 86 95 7 72 46 67
72 46 21 25 14 42 17 3
93 72 75 4 91 65 30 93
68 69 96 45 5 39 62 54
25 46 3 60 43 79 77 67

Setup time:
8 40 7 32 38 8 39 41 2 36 46 34
15 19 29 42 42 43 35 17 1 38 23 36
30 41 19 29 35 38 5 32 10 38 43 11
28 35 16 5 15 32 6 5 16 29 49 47
11 47 36 39 4 15 44 7 11 46 24 5
17 38 40 6 5 7 27 10 49 31 44 46
36 15 18 24 29 47 12 46 39 44 38 47
49 24 7 22 13 49 15 3 45 46 17 6
13 38 19 49 48 10 8 18 6 33 48 14
10 15 2 48 26 13 22 28 16 6 32 19
45 31 43 18 35 33 40 9 41 36 8 35
35 38 1 7 2 11 13 22 1 2 8 19

6 6 10 42 3 20 34 15 18 29 16 6
31 13 46 31 6 41 43 33 49 21 11 23
40 46 13 34 23 28 44 25 7 12 7 25
31 29 18 15 32 26 4 47 26 18 41 15
24 33 9 33 5 30 30 49 41 39 35 14
24 41 24 7 39 14 48 38 34 44 38 38
37 23 49 45 2 12 17 30 43 8 21 7
47 27 29 17 33 21 32 13 14 46 4 32
7 37 29 47 24 19 30 2 19 21 46 16
19 2 16 31 19 48 28 5 27 10 7 24
31 7 45 38 6 44 19 18 45 35 9 27
30 5 43 49 20 45 32 31 26 16 8 2

12 48 19 29 12 20 31 1 14 9 47 33
14 9 31 30 45 42 17 43 7 36 21 1
34 11 14 25 45 19 17 33 40 14 24 23
1 32 43 11 39 28 4 21 42 36 33 19
33 46 20 1 2 18 22 5 10 27 24 42
27 43 42 2 36 19 42 44 30 49 2 49
22 21 40 2 16 9 9 5 46 49 22 25
42 35 24 46 19 7 44 8 37 32 48 47
30 35 19 28 18 40 48 37 9 23 47 3
35 18 15 38 32 44 23 13 44 17 36 2
5 23 33 41 37 23 30 14 30 11 2 36
3 3 17 40 5 46 32 13 36 21 9 8

13 10 39 19 13 32 31 6 19 34 19 37
48 4 44 15 17 17 10 4 47 5 36 42
15 24 18 5 21 11 17 41 27 2 4 37
9 1 10 16 35 14 28 45 6 9 21 32
21 43 38 19 16 7 6 36 21 14 16 28
29 11 39 49 12 11 31 13 26 36 44 37
34 37 18 7 32 4 17 11 4 3 4 29
14 47 20 25 43 48 6 17 45 7 4 47
30 24 24 33 42 26 4 29 6 1 11 3
26 35 6 33 8 38 6 22 18 13 45 24
20 37 46 46 25 2 7 13 31 11 11 23
7 44 25 26 31 27 24 49 44 25 46 13

11 10 30 41 8 9 3 9 36 20 3 40
5 13 46 47 27 29 26 16 37 38 14 43
32 6 6 3 49 32 37 30 48 37 33 38
20 22 33 3 30 2 1 20 9 4 24 14
9 36 11 5 17 13 35 39 45 11 3 12
37 15 6 30 29 5 44 19 21 15 39 42
46 13 8 7 11 41 13 45 6 44 49 4
48 14 9 48 48 1 15 17 3 39 29 10
42 46 42 29 46 41 6 44 8 40 10 2
14 23 14 36 44 11 39 2 9 14 48 25
45 47 38 40 10 24 45 15 3 10 13 23
38 30 32 45 32 34 13 28 11 33 35 19

6 4 44 33 11 49 49 41 29 40 16 32
27 15 17 45 14 37 37 30 32 33 35 45
19 34 6 16 15 21 35 37 5 12 7 20
46 44 34 8 10 9 8 49 12 49 41 18
48 26 43 44 3 48 40 33 46 25 38 7
33 11 5 20 12 10 13 33 29 34 12 31
35 37 5 36 18 19 7 5 14 11 14 12
40 42 20 30 18 37 18 6 41 25 13 22
44 4 2 23 6 2 7 37 12 36 33 2
33 24 17 4 7 6 40 14 22 7 38 17
9 11 6 2 39 47 2 40 42 32 17 8
2 6 27 14 15 5 7 44 28 25 28 19

16 4 45 22 27 38 9 30 43 23 44 6
10 1 18 43 35 27 16 31 46 36 41 11
43 15 13 30 39 6 20 31 46 10 4 36
15 25 46 3 32 36 16 25 3 30 18 28
47 29 49 11 10 3 16 6 8 21 4 41
43 40 46 12 32 10 41 48 46 44 30 3
24 40 23 1 45 7 14 47 22 3 23 23
38 4 3 41 10 16 16 9 2 9 21 21
30 33 28 36 8 6 43 10 17 19 12 14
41 5 26 34 38 23 4 10 13 10 1 46
22 33 16 4 39 21 42 46 44 15 4 32
29 14 4 4 27 16 47 13 4 30 25 3

13 31 10 35 6 1 37 36 39 24 39 8
16 5 38 28 43 26 38 39 46 32 11 18
20 14 17 10 25 18 34 12 32 8 5 10
27 23 26 14 29 14 14 26 21 47 47 17
16 46 35 31 16 36 6 19 27 39 20 28
32 34 8 12 37 1 35 9 46 37 15 43
49 15 6 32 28 40 16 19 2 20 49 11
46 31 44 14 16 29 13 17 22 17 20 5
18 43 10 13 48 10 29 22 1 34 44 47
13 17 15 2 41 12 31 30 24 8 14 33
21 42 3 5 11 26 5 31 6 38 13 13
40 45 4 7 6 18 15 30 10 4 3 17

Due dates (normal distribution):
2557 100
1869 100
723 100
1281 100
2076 100
550 100
1417 100
2122 100
488 100
2552 100
1258 100
815 100
