Processing time:
49 3 60 12 75 31 70 20
49 53 88 47 19 61 78 78
15 59 15 46 60 47 41 38
18 7 26 17 87 32 9 26
65 65 11 43 27 34 47 64
55 58 16 16 48 69 94 62
1 24 55 91 72 32 26 11
79 55 59 94 88 1 65 38
10 26 81 73 48 1 17 68
37 40 53 89 59 80 42 37
77 89 92 12 74 19 59 74
80 94 23 58 86 57 80 9

Setup time:
9 24 25 8 9 32 27 1 39 5 18 39
17 14 1 26 30 3 33 29 12 27 13 20
9 22 5 30 44 8 13 6 8 28 30 40
9 48 21 1 6 24 23 9 22 8 45 47
34 2 1 35 15 37 10 30 43 14 24 36
48 21 47 8 35 18 16 30 23 16 17 34
15 26 33 19 31 36 7 35 39 20 5 23
37 31 48 4 5 24 19 8 10 39 19 13
32 8 19 42 25 31 20 48 15 44 15 17
31 49 33 30 5 2 35 15 24 6 5 21
28 33 44 30 45 42 37 9 1 10 18 35
47 11 26 16 3 47 6 21 43 38 19 12

12 31 14 14 1 15 43 14 5 28 26 2
37 16 9 29 19 16 8 30 33 35 49 40
27 1 8 42 16 26 25 4 27 5 22 29
19 18 26 4 33 20 16 34 28 30 26 9
35 9 2 25 11 10 16 11 17 46 8 19
24 45 32 30 45 15 19 2 26 27 30 40
14 19 41 47 6 45 13 48 27 31 27 43
46 35 13 17 39 14 38 15 10 30 41 8
9 49 13 1 49 48 43 5 8 46 47 27
12 4 21 29 46 40 32 32 6 9 3 49
18 25 29 37 23 20 37 20 22 33 17 30
48 39 7 22 8 44 4 9 36 11 5 17

17 9 5 37 31 9 6 8 15 46 44 46
16 18 8 28 21 16 42 1 20 20 40 43
4 14 12 6 36 14 6 35 10 32 28 22
27 42 22 12 3 38 20 47 36 46 40 17
47 11 31 36 10 48 25 38 42 37 47 18
1 45 3 9 5 9 2 20 10 16 41 15
13 23 31 35 32 15 5 2 19 2 16 48
37 9 5 17 34 32 26 9 4 44 33 11
19 10 41 20 10 37 2 27 15 17 45 14
1 17 12 30 2 10 38 19 34 5 16 15
20 18 14 13 48 17 5 46 44 34 4 10
12 5 37 21 23 27 11 48 26 43 44 11

2 39 18 28 8 40 41 49 48 6 18 42
17 19 1 29 47 24 45 39 2 35 49 21
43 31 7 22 36 29 31 27 49 19 37 16
8 19 47 2 17 10 29 23 31 20 37 47
7 35 20 30 17 3 24 40 22 17 1 43
17 18 5 48 42 2 43 18 3 46 37 6
18 19 22 44 47 17 3 14 20 28 11 13
46 8 38 15 42 42 49 18 4 45 22 27
19 21 32 49 41 18 31 10 1 18 43 35
26 43 46 37 36 30 8 43 15 9 30 39
40 32 32 49 45 12 42 15 25 46 16 32
44 20 18 2 5 38 40 47 29 49 11 16

2 22 13 42 43 36 29 47 7 25 19 12
37 7 10 41 6 35 3 32 2 2 15 22
1 11 11 27 23 34 8 28 37 21 20 44
47 18 23 4 33 33 33 16 4 15 46 20
15 20 14 25 4 49 39 22 45 11 36 42
1 21 30 26 41 16 15 31 44 39 22 27
30 35 10 22 1 26 10 11 9 49 29 9
42 25 23 30 16 32 27 1 31 10 35 6
23 34 23 33 18 27 13 16 9 38 28 43
8 26 47 5 30 4 39 20 14 4 10 25
10 46 31 34 7 47 47 27 23 26 14 29
21 16 13 7 38 3 43 16 46 35 31 1

10 21 45 24 14 19 11 3 44 26 29 9
15 15 4 23 35 46 10 48 37 41 1 32
26 22 10 25 3 23 3 17 22 13 4 30
2 13 17 2 11 20 29 16 14 42 49 6
25 28 12 34 8 47 22 41 37 23 38 11
2 21 15 31 6 15 40 44 45 30 44 44
42 23 19 18 38 8 17 34 25 44 28 28
27 10 36 46 8 48 10 10 29 9 14 1
45 19 17 45 40 37 1 13 18 28 41 34
19 22 1 38 3 31 27 22 23 3 2 20
40 44 48 18 12 21 1 27 32 27 3 19
48 1 9 46 20 48 23 47 34 49 20 8

11 46 46 44 8 34 14 33 49 6 22 41
20 3 41 3 6 30 33 39 19 10 4 33
24 7 1 38 20 12 6 3 9 16 32 32
26 38 34 11 42 37 48 35 37 31 45 25
42 12 33 36 13 29 1 1 39 41 35 8
42 14 42 48 48 9 24 49 4 8 38 17
35 47 36 14 49 44 6 5 22 6 35 29
3 3 28 32 35 8 46 13 43 26 4 45
18 14 2 46 1 49 31 38 19 15 7 46
46 30 2 28 8 20 15 38 4 16 15 45
44 9 40 15 18 28 49 37 18 45 16 10
21 43 21 25 39 16 37 31 16 10 14 18

3 32 1 8 18 26 20 41 13 42 2 2
7 5 6 49 19 25 28 34 11 28 33 31
13 44 19 2 1 29 43 16 36 29 28 32
6 31 18 14 27 43 44 5 16 19 13 12
19 5 41 34 3 33 14 44 12 45 35 2
26 25 25 10 10 7 31 45 6 3 16 31
5 6 31 22 24 27 1 43 15 1 9 37
21 46 33 12 43 45 15 12 18 8 21 24
20 35 47 49 6 48 22 38 12 35 45 19
24 22 46 18 41 16 29 39 16 18 18 2
39 46 34 38 18 22 17 19 38 31 11 37
41 30 22 22 38 49 33 6 17 26 4 6

Due dates (normal distribution):
1534 100
889 100
1353 100
739 100
1896 100
1955 100
575 100
1469 100
2326 100
1411 100
969 100
2398 100
