Processing time:
94 3 39 1 63 86 44 19
43 18 23 92 96 36 25 82
6 43 28 83 50 19 85 12
47 41 31 43 12 71 86 70
45 83 86 3 15 8 73 6
51 62 19 3 11 77 58 64
73 27 85 51 33 8 95 3
49 75 90 5 7 6 13 4
31 52 77 38 4 40 50 29
58 58 4 37 58 39 39 43
19 18 85 44 27 24 24 40
36 1 81 66 7 82 55 77

Setup time:
6 47 22 3 23 23 26 36 25 16 29 9
16 1 2 9 21 21 41 31 14 37 26 29
43 10 17 19 12 14 16 43 10 43 45 38
4 10 13 13 1 46 41 22 2 2 26 3
42 46 44 15 14 32 48 25 6 8 6 17
47 13 4 30 25 18 43 18 9 36 4 38
19 26 43 24 11 28 4 22 13 42 43 36
39 21 49 22 8 7 37 13 10 41 6 35
44 37 6 6 9 22 1 11 14 27 23 34
33 4 7 37 23 2 47 18 23 11 33 33
10 15 13 9 21 43 15 20 14 25 7 49
36 49 6 7 3 35 1 21 30 26 41 1

9 19 2 20 49 11 4 16 21 13 45 47
13 17 22 17 20 5 47 37 6 7 2 41
29 22 7 34 44 47 17 13 6 16 34 40
31 30 24 10 14 33 23 18 27 33 9 22
5 31 6 38 3 13 14 1 12 5 23 23
15 30 10 4 3 3 42 36 39 6 2 31
48 29 38 13 16 15 7 21 45 24 14 19
2 33 10 37 32 18 15 6 4 23 35 46
25 15 37 42 27 41 26 22 11 25 3 23
42 2 38 41 6 6 2 13 17 4 11 20
45 9 46 10 10 45 25 28 12 34 10 47
30 27 18 36 4 41 2 21 15 31 6 3

12 10 25 4 11 30 29 9 11 5 30 16
18 7 47 15 14 19 6 34 26 5 32 5
7 38 10 35 3 15 15 36 7 3 44 31
37 35 18 13 15 25 26 37 40 44 45 29
14 33 22 12 17 3 43 23 27 38 16 46
15 42 25 27 7 8 26 1 31 32 47 22
13 1 27 45 22 15 1 46 46 44 8 34
7 14 18 36 16 34 20 16 41 3 6 30
47 17 46 48 40 30 24 7 5 38 20 12
2 39 45 10 10 49 26 38 34 11 42 37
13 20 36 14 22 32 42 12 33 36 6 29
4 28 13 45 21 17 42 14 42 48 48 17

15 33 47 48 24 17 17 42 2 30 17 35
28 3 35 2 22 7 13 41 13 32 24 47
37 28 19 47 49 31 41 10 39 27 39 15
48 5 45 8 23 26 39 22 48 5 22 12
42 7 6 10 14 49 1 43 22 4 36 10
4 13 21 29 31 12 4 1 22 19 12 38
36 46 14 45 47 29 13 32 1 8 18 26
48 28 35 33 47 4 7 18 6 49 19 25
2 21 20 15 46 18 13 44 18 2 1 29
34 48 18 41 27 32 6 31 18 11 27 43
6 24 1 38 9 16 19 5 41 34 19 33
48 26 12 11 28 34 26 25 25 10 10 10

13 25 2 47 38 47 24 2 18 41 28 31
26 8 4 6 4 27 36 28 42 11 43 32
17 34 14 23 37 13 31 47 28 6 21 36
12 27 49 15 43 15 46 47 33 23 2 20
37 19 30 3 7 13 46 38 47 9 20 19
7 44 11 18 32 4 39 12 33 3 8 26
39 21 21 47 1 46 14 11 46 31 26 15
33 21 23 12 12 34 25 13 47 11 32 40
13 11 6 11 17 43 29 1 12 19 42 31
25 45 17 6 40 25 11 20 14 9 6 36
38 10 47 46 32 41 30 4 33 28 3 20
33 33 34 9 5 1 46 33 11 47 29 16

15 45 17 3 26 15 10 13 27 45 20 26
39 9 34 16 9 4 10 10 31 2 49 47
10 48 7 40 11 37 8 11 23 34 20 27
7 33 2 2 16 39 28 13 39 46 29 45
48 23 2 9 8 5 30 12 27 21 15 39
45 32 19 32 41 17 23 38 24 28 1 39
8 41 22 9 18 25 6 11 33 17 23 21
21 49 24 43 14 40 22 6 46 14 49 36
4 18 25 43 25 30 13 4 12 6 38 16
5 5 24 45 44 2 10 12 33 11 45 10
31 43 42 42 35 16 20 20 20 20 1 3
17 23 48 26 22 30 43 23 42 42 27 10

11 17 31 12 42 31 4 25 43 47 28 47
10 8 35 26 2 21 46 37 48 34 41 24
6 45 2 17 17 1 10 1 5 4 37 14
19 12 37 14 12 26 27 18 20 14 42 32
9 28 45 48 6 18 15 8 38 32 40 4
16 35 39 24 34 9 37 6 27 44 16 40
44 19 34 29 28 16 2 20 31 40 42 11
41 34 41 19 26 5 27 11 40 13 5 36
42 25 16 2 42 4 44 20 19 22 4 11
9 31 46 23 48 16 10 32 35 16 14 1
1 5 45 4 14 9 14 33 21 12 13 3
43 49 43 44 5 32 25 28 43 22 17 10

16 21 40 49 12 18 47 18 40 42 21 24
31 10 26 22 38 45 12 25 34 45 9 10
2 5 9 24 5 38 11 23 25 22 30 33
43 2 26 4 37 49 25 34 34 35 31 16
22 35 15 26 7 37 24 1 42 9 30 6
10 9 2 46 5 13 47 44 22 32 8 38
29 11 48 10 17 23 7 14 45 23 8 11
41 44 45 14 14 1 21 18 37 8 26 2
11 2 24 37 41 10 42 41 12 30 31 5
33 26 9 40 6 45 31 27 1 7 49 39
7 30 18 3 23 31 49 2 20 45 11 27
4 26 32 48 47 28 10 45 31 15 28 12

Due dates (normal distribution):
1608 100
846 100
669 100
1509 100
1701 100
1582 100
526 100
2260 100
930 100
1249 100
1077 100
1742 100
