Processing time:
64 48 30 84 9
96 6 94 24 1
13 34 52 84 66
9 22 49 16 57
17 12 32 87 90
19 78 61 22 61
52 87 30 51 90

Setup time:
2 32 48 7 5 9 10
3 15 24 3 17 11 6
46 46 1 15 47 26 24
29 41 1 13 42 12 42
9 17 16 9 16 5 1
8 14 29 49 45 5 46
47 9 24 1 7 36 1

8 5 7 19 27 7 26
45 2 27 33 21 39 29
35 22 11 2 49 6 1
28 46 38 7 15 32 29
32 47 15 42 11 12 37
27 27 29 23 32 7 15
43 5 19 9 11 30 13

15 38 49 18 9 41 48
38 16 8 34 9 41 29
10 28 13 32 44 9 7
40 8 17 16 21 32 29
44 16 3 29 9 1 7
9 42 19 38 10 16 48
42 26 16 18 23 40 11

19 46 41 47 9 42 14
40 15 47 41 12 49 37
19 11 11 8 25 14 6
10 14 43 10 4 17 23
38 48 32 22 6 31 22
35 47 28 20 10 13 44
28 43 5 1 39 49 9

12 41 20 48 3 44 39
1 7 34 18 16 18 11
35 16 11 30 41 10 26
44 37 37 16 9 23 6
42 31 28 45 2 33 32
21 27 23 44 12 15 12
44 20 6 14 16 31 9

Due dates (uniform distribution):
1139 100
1284 100
489 100
1019 100
599 100
2050 100
2498 100
