Processing time:
74 70 84 63 72
26 92 20 61 91
84 36 64 46 21
41 70 44 6 70
3 37 69 83 12
46 36 63 49 67
39 42 94 78 65

Setup time:
7 37 13 42 21 2 23
48 19 35 46 18 35 19
16 28 5 42 10 32 22
19 11 46 10 32 30 23
12 47 40 32 9 36 45
3 6 21 7 14 18 39
39 37 25 20 39 13 12

15 30 6 34 42 4 42
45 18 6 3 8 8 32
45 23 9 4 39 47 14
24 3 40 4 13 16 42
1 39 45 39 14 46 16
2 45 38 48 17 6 12
18 40 4 14 11 33 10

5 48 7 14 40 3 33
20 4 28 38 6 27 33
39 31 3 5 32 35 24
31 3 46 10 14 13 44
6 28 37 10 5 33 40
6 32 49 35 1 15 1
17 14 49 30 6 36 16

18 14 14 31 17 9 32
31 14 13 31 32 4 7
37 37 1 23 17 25 23
38 35 45 3 43 36 16
49 38 26 22 13 39 32
35 29 8 25 26 17 25
4 32 45 19 46 13 1

13 25 48 25 19 14 4
11 18 9 26 26 8 1
21 48 14 34 1 29 37
36 48 45 16 24 46 2
29 24 19 2 17 15 14
5 21 36 30 23 4 27
46 45 14 43 38 18 2

Due dates (uniform distribution):
2356 100
640 100
1650 100
488 100
1249 100
1808 100
2223 100
