Processing time:
74 70 84 63 72
26 92 20 61 91
84 36 64 46 21
41 70 44 6 70
3 37 69 83 12
46 36 63 49 67
39 42 94 78 65

Setup time:
2 7 3 8 4 1 5
9 1 7 9 4 7 4
3 6 1 8 2 6 4
4 2 9 3 6 6 5
3 9 8 6 3 7 9
1 1 4 2 3 3 8
8 7 5 4 8 3 1

1 6 1 7 8 1 8
9 3 2 1 2 2 6
9 5 2 1 8 9 3
5 1 8 1 3 3 8
1 7 9 8 1 9 3
1 9 7 9 3 1 3
4 8 1 3 2 6 1

1 9 2 3 8 1 6
4 2 6 7 1 5 6
8 6 3 1 6 7 5
6 1 9 1 3 3 8
2 6 7 2 3 7 8
1 6 9 7 1 1 1
4 3 9 6 1 7 1

3 3 3 6 4 2 6
6 2 3 6 6 1 2
7 7 3 5 4 5 5
7 7 9 1 8 7 3
9 7 5 4 3 8 6
7 6 2 5 5 1 5
1 6 9 4 9 3 2

2 5 9 5 4 3 1
2 3 2 5 5 2 1
4 9 1 7 1 6 7
7 9 9 2 5 9 1
6 5 4 1 1 3 3
1 4 7 6 5 3 5
9 9 3 8 7 4 1

Due dates (normal distribution):
2111 100
848 100
1213 100
481 100
1834 100
639 100
1465 100
