Processing time:
74 28 89 60 54
21 3 52 88 66
58 27 56 26 12
4 61 13 58 57
21 34 7 76 70
28 76 32 98 82
58 64 32 29 99

Setup time:
2 7 2 6 1 2 3
8 1 3 1 3 6 4
5 7 3 9 5 6 2
4 4 5 3 6 8 3
3 1 8 5 2 5 6
1 1 4 6 3 3 9
4 6 8 7 3 1 2

2 5 6 2 9 2 1
8 2 7 9 1 6 3
2 3 3 4 3 5 2
5 1 3 3 2 2 2
8 6 7 6 3 1 1
9 6 8 7 8 3 8
1 5 1 7 3 7 1

3 3 7 7 8 7 6
7 3 3 7 1 7 4
2 2 1 3 8 1 1
7 5 1 1 9 6 1
3 7 8 7 3 2 3
3 6 6 6 6 1 8
9 7 8 5 9 2 2

3 1 1 3 5 7 1
5 2 1 8 5 1 9
1 8 1 4 8 9 6
7 6 1 1 7 3 9
8 6 4 8 2 6 7
7 5 1 3 5 1 9
2 6 9 1 9 3 2

1 7 5 5 2 5 8
1 2 8 1 6 3 9
7 2 1 7 2 2 8
7 4 2 2 1 9 5
4 5 6 9 1 9 7
6 9 2 2 9 3 7
9 6 5 2 9 2 2

Due dates (normal distribution):
1101 100
905 100
390 100
533 100
1702 100
1337 100
2235 100
