Processing time:
49 3 60 12 75
49 53 88 47 19
15 59 15 46 60
18 7 26 17 87
65 65 11 43 27
55 58 16 16 48
1 24 55 91 72

Setup time:
1 5 5 2 2 6 5
4 1 1 5 6 1 6
2 4 1 6 8 2 3
2 9 4 1 2 5 5
7 1 1 7 2 7 2
9 4 9 2 7 1 3
3 5 6 4 6 7 3

2 6 3 3 1 3 8
7 2 2 6 4 3 2
5 1 2 8 3 5 5
4 4 5 2 6 4 3
7 2 1 5 2 2 3
5 9 6 6 9 2 4
3 4 8 9 2 9 1

3 2 1 7 6 2 1
3 3 2 6 4 3 8
1 3 3 1 7 3 2
5 8 5 3 1 7 4
9 2 6 7 1 9 5
1 9 1 2 1 3 1
3 5 6 7 6 3 2

2 7 4 6 2 8 8
4 3 1 6 9 5 9
8 6 3 5 7 6 6
2 4 9 2 4 2 6
2 7 4 6 3 1 5
4 4 1 9 8 2 8
4 4 4 9 9 3 3

3 4 3 8 8 7 6
7 3 2 8 2 7 1
1 2 3 5 5 7 2
9 4 5 3 7 6 6
3 4 3 5 1 9 8
1 4 6 5 8 1 3
6 7 2 4 1 5 1

Due dates (normal distribution):
1640 100
1031 100
529 100
395 100
1168 100
784 100
1801 100
