Processing time:
74 28 89 60 54
21 3 52 88 66
58 27 56 26 12
4 61 13 58 57
21 34 7 76 70
28 76 32 98 82
58 64 32 29 99
83 87 98 47 84
31 54 46 79 16
61 98 60 26 41

Setup time:
1 37 11 29 2 11 14 29 41 16
41 7 14 2 14 30 17 38 32 43
25 36 6 44 26 28 7 4 16 16
17 18 24 12 30 44 13 29 38 49
12 5 42 28 2 27 33 6 29 35
3 3 20 29 16 8 46 6 27 48
20 28 39 37 12 2 17 5 4 44
7 30 6 18 45 42 33 18 2 9
28 3 37 2 19 14 2 40 4 12
41 42 32 37 7 9 24 48 43 19

8 23 30 9 48 7 4 22 4 36
43 4 38 47 4 28 15 40 27 37
11 14 11 19 15 23 9 46 29 42
25 4 13 16 7 10 8 5 42 23
40 29 38 29 2 6 1 18 15 44
49 31 41 35 42 8 41 7 42 23
4 27 4 36 15 37 15 42 29 13
27 43 15 35 40 47 6 4 49 28
15 48 14 43 34 12 37 11 11 15
44 28 35 30 17 44 16 23 30 13

6 15 35 37 43 34 31 30 15 32
36 8 15 36 3 38 21 34 48 1
10 8 11 16 40 5 3 45 29 45
34 24 6 15 47 29 2 11 43 9
15 37 40 36 19 10 12 1 22 24
13 28 28 29 32 5 43 29 33 35
47 34 40 26 48 8 15 42 9 40
14 9 20 36 6 41 44 5 44 33
46 24 31 45 32 2 4 14 1 16
27 42 21 13 16 32 5 22 23 5

10 2 1 15 26 33 1 31 18 7
26 8 2 42 24 3 49 15 34 9
1 40 4 20 44 48 28 49 5 27
36 29 2 19 35 13 47 2 9 25
39 28 18 41 10 28 37 18 28 4
37 27 2 17 23 2 46 23 9 22
10 30 45 4 45 15 17 17 20 20
14 29 39 39 23 11 7 7 27 49
6 48 45 26 14 42 17 31 15 37
14 28 11 40 28 32 11 13 9 13

10 35 26 24 9 27 44 47 19 10
6 12 40 1 31 13 45 5 30 28
39 8 3 36 10 11 42 12 36 3
33 20 10 8 1 47 25 24 39 34
22 25 29 47 8 46 35 14 49 12
29 47 11 11 46 7 35 18 14 28
47 33 23 8 47 9 13 37 28 4
9 18 14 39 16 30 35 8 38 34
37 20 8 28 43 26 27 41 4 25
11 42 44 32 9 26 1 27 10 4

Due dates (uniform distribution):
1861 100
502 100
829 100
1441 100
1701 100
2194 100
1247 100
748 100
2296 100
1874 100
