Processing time:
80 59 59 31 30
13 83 70 64 88
64 85 76 11 14
77 85 10 9 22
17 70 65 32 93
78 35 19 58 48
82 2 77 98 10
4 76 86 95 7
72 46 21 25 14
93 72 75 4 91

Setup time:
8 40 7 32 38 8 39 41 2 36
15 19 29 42 42 43 35 17 1 38
30 41 19 29 35 38 5 32 10 38
28 35 16 5 15 32 6 5 16 29
11 47 36 39 4 15 44 7 11 46
17 38 40 6 5 7 27 10 49 31
36 15 18 24 29 47 12 46 39 44
49 24 7 22 13 49 15 3 45 46
13 38 19 49 48 10 8 18 6 33
10 15 2 48 26 13 22 28 16 6

6 6 10 42 3 20 34 15 18 29
31 13 46 31 6 41 43 33 49 21
40 46 13 34 23 28 44 25 7 12
31 29 18 15 32 26 4 47 26 18
24 33 9 33 5 30 30 49 41 39
24 41 24 7 39 14 48 38 34 44
37 23 49 45 2 12 17 30 43 8
47 27 29 17 33 21 32 13 14 46
7 37 29 47 24 19 30 2 19 21
19 2 16 31 19 48 28 5 27 10

12 48 19 29 12 20 31 1 14 9
14 9 31 30 45 42 17 43 7 36
34 11 14 25 45 19 17 33 40 14
1 32 43 11 39 28 4 21 42 36
33 46 20 1 2 18 22 5 10 27
27 43 42 2 36 19 42 44 30 49
22 21 40 2 16 9 9 5 46 49
42 35 24 46 19 7 44 8 37 32
30 35 19 28 18 40 48 37 9 23
35 18 15 38 32 44 23 13 44 17

13 10 39 19 13 32 31 6 19 34
48 4 44 15 17 17 10 4 47 5
15 24 18 5 21 11 17 41 27 2
9 1 10 16 35 14 28 45 6 9
21 43 38 19 16 7 6 36 21 14
29 11 39 49 12 11 31 13 26 36
34 37 18 7 32 4 17 11 4 3
14 47 20 25 43 48 6 17 45 7
30 24 24 33 42 26 4 29 6 1
26 35 6 33 8 38 6 22 18 13

11 10 30 41 8 9 3 9 36 20
5 13 46 47 27 29 26 16 37 38
32 6 6 3 49 32 37 30 48 37
20 22 33 3 30 2 1 20 9 4
9 36 11 5 17 13 35 39 45 11
37 15 6 30 29 5 44 19 21 15
46 13 8 7 11 41 13 45 6 44
48 14 9 48 48 1 15 17 3 39
42 46 42 29 46 41 6 44 8 40
14 23 14 36 44 11 39 2 9 14

Due dates (uniform distribution):
2518 100
1820 100
699 100
1236 100
2058 100
516 100
1370 100
2094 100
451 100
2505 100
