Processing time:
49 3 60 12 75
49 53 88 47 19
15 59 15 46 60
18 7 26 17 87
65 65 11 43 27
55 58 16 16 48
1 24 55 91 72
79 55 59 94 88
10 26 81 73 48
37 40 53 89 59

Setup time:
9 24 25 8 9 32 27 1 39 5
17 14 1 26 30 3 33 29 12 27
9 22 5 30 44 8 13 6 8 28
9 48 21 1 6 24 23 9 22 8
34 2 1 35 15 37 10 30 43 14
48 21 47 8 35 18 16 30 23 16
15 26 33 19 31 36 7 35 39 20
37 31 48 4 5 24 19 8 10 39
32 8 19 42 25 31 20 48 15 44
31 49 33 30 5 2 35 15 24 6

12 31 14 14 1 15 43 14 5 28
37 16 9 29 19 16 8 30 33 35
27 1 8 42 16 26 25 4 27 5
19 18 26 4 33 20 16 34 28 30
35 9 2 25 11 10 16 11 17 46
24 45 32 30 45 15 19 2 26 27
14 19 41 47 6 45 13 48 27 31
46 35 13 17 39 14 38 15 10 30
9 49 13 1 49 48 43 5 8 46
12 4 21 29 46 40 32 32 6 9

17 9 5 37 31 9 6 8 15 46
16 18 8 28 21 16 42 1 20 20
4 14 12 6 36 14 6 35 10 32
27 42 22 12 3 38 20 47 36 46
47 11 31 36 10 48 25 38 42 37
1 45 3 9 5 9 2 20 10 16
13 23 31 35 32 15 5 2 19 2
37 9 5 17 34 32 26 9 4 44
19 10 41 20 10 37 2 27 15 17
1 17 12 30 2 10 38 19 34 5

2 39 18 28 8 40 41 49 48 6
17 19 1 29 47 24 45 39 2 35
43 31 7 22 36 29 31 27 49 19
8 19 47 2 17 10 29 23 31 20
7 35 20 30 17 3 24 40 22 17
17 18 5 48 42 2 43 18 3 46
18 19 22 44 47 17 3 14 20 28
46 8 38 15 42 42 49 18 4 45
19 21 32 49 41 18 31 10 1 18
26 43 46 37 36 30 8 43 15 9

2 22 13 42 43 36 29 47 7 25
37 7 10 41 6 35 3 32 2 2
1 11 11 27 23 34 8 28 37 21
47 18 23 4 33 33 33 16 4 15
15 20 14 25 4 49 39 22 45 11
1 21 30 26 41 16 15 31 44 39
30 35 10 22 1 26 10 11 9 49
42 25 23 30 16 32 27 1 31 10
23 34 23 33 18 27 13 16 9 38
8 26 47 5 30 4 39 20 14 4

Due dates (uniform distribution):
1504 100
852 100
1323 100
707 100
1865 100
1942 100
539 100
1421 100
2279 100
1395 100
