Processing time:
94 3 39 1 63
43 18 23 92 96
6 43 28 83 50
47 41 31 43 12
45 83 86 3 15
51 62 19 3 11
73 27 85 51 33
49 75 90 5 7
31 52 77 38 4
58 58 4 37 58

Setup time:
6 47 22 3 23 23 26 36 25 16
16 1 2 9 21 21 41 31 14 37
43 10 17 19 12 14 16 43 10 43
4 10 13 13 1 46 41 22 2 2
42 46 44 15 14 32 48 25 6 8
47 13 4 30 25 18 43 18 9 36
19 26 43 24 11 28 4 22 13 42
39 21 49 22 8 7 37 13 10 41
44 37 6 6 9 22 1 11 14 27
33 4 7 37 23 2 47 18 23 11

9 19 2 20 49 11 4 16 21 13
13 17 22 17 20 5 47 37 6 7
29 22 7 34 44 47 17 13 6 16
31 30 24 10 14 33 23 18 27 33
5 31 6 38 3 13 14 1 12 5
15 30 10 4 3 3 42 36 39 6
48 29 38 13 16 15 7 21 45 24
2 33 10 37 32 18 15 6 4 23
25 15 37 42 27 41 26 22 11 25
42 2 38 41 6 6 2 13 17 4

12 10 25 4 11 30 29 9 11 5
18 7 47 15 14 19 6 34 26 5
7 38 10 35 3 15 15 36 7 3
37 35 18 13 15 25 26 37 40 44
14 33 22 12 17 3 43 23 27 38
15 42 25 27 7 8 26 1 31 32
13 1 27 45 22 15 1 46 46 44
7 14 18 36 16 34 20 16 41 3
47 17 46 48 40 30 24 7 5 38
2 39 45 10 10 49 26 38 34 11

15 33 47 48 24 17 17 42 2 30
28 3 35 2 22 7 13 41 13 32
37 28 19 47 49 31 41 10 39 27
48 5 45 8 23 26 39 22 48 5
42 7 6 10 14 49 1 43 22 4
4 13 21 29 31 12 4 1 22 19
36 46 14 45 47 29 13 32 1 8
48 28 35 33 47 4 7 18 6 49
2 21 20 15 46 18 13 44 18 2
34 48 18 41 27 32 6 31 18 11

13 25 2 47 38 47 24 2 18 41
26 8 4 6 4 27 36 28 42 11
17 34 14 23 37 13 31 47 28 6
12 27 49 15 43 15 46 47 33 23
37 19 30 3 7 13 46 38 47 9
7 44 11 18 32 4 39 12 33 3
39 21 21 47 1 46 14 11 46 31
33 21 23 12 12 34 25 13 47 11
13 11 6 11 17 43 29 1 12 19
25 45 17 6 40 25 11 20 14 9

Due dates (uniform distribution):
1585 100
825 100
641 100
1480 100
1656 100
1555 100
507 100
2231 100
917 100
1239 100
