Processing time:
47 80 51 63 60
77 46 79 22 20
66 37 35 47 13
13 86 63 46 64
77 85 18 72 67
20 67 67 16 25
29 22 73 35 39
11 67 2 2 40
85 20 23 22 72
98 1 59 50 28

Setup time:
5 23 38 33 7 38 10 15 6 42
3 13 40 23 19 43 43 34 11 33
2 15 10 26 40 17 31 9 33 37
5 48 41 18 31 11 24 23 36 8
47 20 31 13 1 30 10 6 32 33
43 25 3 3 36 8 35 48 28 11
14 13 49 32 33 8 16 19 38 33
49 24 18 29 3 47 5 6 17 1
44 26 17 31 3 11 37 11 13 3
6 48 14 21 2 23 16 28 5 8

11 26 26 29 4 28 46 48 28 18
19 4 8 35 6 49 39 25 19 7
19 10 6 33 29 2 12 6 31 13
42 41 12 2 14 21 17 22 5 40
28 45 45 32 10 45 30 27 22 34
22 44 31 47 20 4 22 2 29 6
9 16 31 48 6 41 10 36 39 38
21 46 44 10 42 11 30 16 21 4
22 40 16 8 43 34 9 3 11 6
2 17 43 25 31 9 6 49 11 15

10 1 24 10 47 20 7 5 1 3
14 3 43 2 35 31 46 9 35 3
1 13 3 36 23 26 20 25 43 37
37 28 31 14 36 23 37 47 38 14
39 12 35 23 3 39 27 47 23 29
32 13 3 3 38 6 47 33 46 45
6 28 17 2 49 10 5 1 42 9
38 34 18 15 19 31 31 18 45 15
34 16 46 12 27 7 22 11 9 19
12 10 12 13 37 34 12 10 3 4

6 47 45 44 28 47 7 16 34 13
23 10 20 29 42 35 34 21 3 12
45 30 11 14 12 29 42 2 7 26
32 38 12 19 27 44 22 6 44 9
34 18 9 15 8 33 15 12 27 40
6 13 8 34 12 6 3 46 45 46
32 47 16 11 13 26 14 17 27 5
28 17 44 6 15 37 29 13 3 25
22 10 40 11 40 13 24 17 18 26
28 9 10 42 13 8 36 35 38 7

1 48 42 45 3 18 17 15 32 29
46 5 12 3 13 31 17 28 43 33
40 17 17 44 26 32 49 24 22 44
16 27 32 5 29 14 43 18 15 16
22 41 4 6 19 7 38 46 18 2
30 36 7 32 15 11 43 37 2 40
47 10 31 30 18 28 10 32 20 31
2 42 13 48 2 12 17 13 38 1
17 25 8 32 42 31 2 42 11 33
49 17 2 35 44 24 33 27 28 4

Due dates (uniform distribution):
473 100
760 100
1229 100
2281 100
1541 100
2139 100
872 100
2080 100
455 100
626 100
