Processing time:
64 43 9 38 2
44 97 87 85 74
58 49 3 29 16
7 2 15 26 21
69 54 55 23 10
12 12 5 28 98
5 31 8 19 74
69 52 94 10 84
46 29 60 72 55
23 98 18 33 19

Setup time:
12 32 22 29 4 34 6 3 34 23
36 12 21 48 24 1 27 6 15 26
11 7 6 5 43 2 8 28 3 4
25 2 28 1 19 42 15 13 11 14
29 18 6 49 18 1 37 8 10 5
40 14 26 10 1 7 39 9 49 37
24 28 5 3 27 28 3 8 47 13
6 25 4 41 3 5 21 16 42 38
16 28 35 25 5 47 31 17 12 44
23 38 32 13 28 15 44 48 36 4

17 27 34 44 44 21 16 37 15 39
17 4 10 24 1 30 18 21 5 32
38 33 17 29 27 25 20 5 33 44
40 22 16 3 8 23 13 22 44 4
7 18 26 31 11 29 6 35 17 5
6 29 35 46 1 8 36 47 48 39
16 20 14 39 29 21 3 38 32 33
15 47 20 42 23 23 27 10 19 11
49 33 47 25 13 27 34 29 6 9
18 31 34 42 14 17 48 1 37 14

16 10 32 26 18 44 47 26 28 11
23 10 18 45 35 19 35 14 7 8
28 44 7 30 20 47 41 14 26 44
32 38 3 2 20 2 3 38 38 45
47 47 28 27 6 24 31 23 15 42
19 8 2 37 2 10 24 43 14 25
17 39 44 15 4 9 3 13 32 20
22 12 23 49 48 24 33 14 16 3
19 38 22 4 33 31 9 7 16 8
31 7 24 16 48 3 43 25 23 1

8 45 7 42 5 8 19 45 40 10
28 19 28 36 12 47 25 27 13 4
36 5 2 37 46 11 38 42 5 13
14 2 11 5 6 36 15 8 11 30
49 43 20 37 14 11 11 23 28 10
16 43 13 24 35 5 1 25 29 6
8 36 48 24 5 28 8 4 34 44
21 30 38 19 6 1 33 5 12 9
40 38 47 37 32 29 38 17 13 14
23 43 22 46 36 49 42 41 31 14

9 36 24 27 10 48 29 30 15 49
2 12 36 7 23 38 8 21 22 7
7 20 16 38 46 29 47 6 27 28
25 37 42 8 3 7 16 4 21 15
34 12 16 7 18 3 21 23 24 23
4 47 47 34 2 8 30 35 34 11
14 22 30 7 23 2 7 30 36 45
11 32 44 1 15 43 11 16 47 20
13 17 24 13 13 19 32 14 15 44
19 39 22 34 46 8 29 23 47 13

Due dates (uniform distribution):
987 100
1650 100
442 100
481 100
2119 100
1322 100
830 100
2163 100
1179 100
710 100
