Processing time:
9 91 96 73 37
19 54 78 88 94
86 71 7 17 51
38 36 72 24 1
71 13 80 53 9
82 44 38 86 16
12 27 17 10 89
20 23 98 30 2
37 95 88 71 80
22 15 78 5 38

Setup time:
10 5 10 43 19 35 41 6 10 19
38 16 45 27 35 18 7 22 14 12
10 2 10 48 39 4 36 40 19 9
10 38 12 10 36 44 9 12 26 43
34 40 25 37 6 18 47 25 1 5
32 9 49 1 10 7 14 29 26 6
21 30 43 44 38 23 13 16 9 2
8 13 20 30 36 46 14 3 14 32
11 9 21 48 1 26 24 41 6 2
3 24 33 46 2 5 40 22 13 13

18 28 34 45 5 40 33 19 38 30
2 13 33 20 34 20 41 16 14 9
49 48 1 1 31 42 21 30 21 33
27 23 19 14 42 20 10 42 8 12
41 1 16 13 7 40 17 4 3 26
36 13 30 26 37 3 2 5 48 25
34 24 9 18 22 15 16 27 24 36
7 25 33 29 34 11 3 15 3 9
47 25 30 29 25 44 37 1 13 7
46 47 32 28 22 5 46 4 2 10

7 22 24 27 43 29 20 45 20 47
28 10 10 3 36 18 37 46 10 17
44 27 14 43 17 11 42 37 10 22
27 15 17 5 34 4 16 45 48 10
31 5 15 25 18 39 27 37 12 14
41 11 49 13 49 11 8 32 15 10
18 24 4 5 17 12 13 3 38 31
14 27 12 14 49 47 8 3 16 1
4 12 22 20 42 47 36 37 14 41
3 29 8 22 23 43 45 14 11 1

6 46 3 18 38 40 20 9 34 40
1 4 19 36 14 48 10 23 43 26
15 16 3 16 25 19 4 41 31 38
25 38 8 8 34 2 29 28 24 6
40 26 32 44 19 25 39 19 41 19
15 33 36 3 40 5 15 32 2 40
18 5 27 4 46 6 4 20 5 42
7 36 42 37 48 17 9 14 38 48
34 19 43 45 25 6 32 2 18 26
36 29 39 9 24 36 19 35 41 4

12 27 32 10 17 8 31 37 6 16
6 9 12 4 23 21 44 22 14 5
9 32 15 14 2 23 6 34 13 27
37 26 15 17 21 29 29 37 23 28
6 46 8 10 18 9 34 43 31 3
20 10 46 14 21 7 17 18 16 49
16 22 14 44 39 44 5 36 46 9
47 6 4 11 8 33 5 1 12 43
47 32 15 36 17 39 33 44 17 17
48 35 29 32 35 7 29 16 27 6

Due dates (uniform distribution):
693 100
2426 100
1739 100
1112 100
476 100
2079 100
768 100
715 100
2308 100
1092 100
