Processing time:
39 9 72 93 8
16 19 13 77 83
84 71 49 20 29
51 7 37 1 87
19 23 89 60 77
57 7 37 36 15
33 65 58 85 26
1 56 4 18 97
23 37 13 97 44
39 87 48 24 85

Setup time:
4 19 8 42 26 9 28 17 1 12
18 9 5 10 35 3 12 3 33 28
40 12 12 36 7 25 19 44 19 29
11 30 13 19 46 38 10 1 30 18
2 42 45 19 10 4 41 15 43 38
42 7 13 8 24 19 37 35 8 36
38 37 38 16 32 46 12 8 49 42
8 17 14 34 42 25 29 11 49 25
5 26 47 25 46 35 49 17 6 32
11 49 32 25 37 38 16 35 47 7

14 9 9 17 47 43 21 33 35 41
14 14 2 11 38 20 25 20 16 43
23 27 10 40 35 4 28 30 3 33
17 42 31 8 24 30 8 29 24 41
14 26 46 29 19 42 13 41 7 48
11 23 35 12 17 17 27 17 39 31
17 7 18 8 37 29 16 14 35 18
11 5 25 41 30 11 1 4 46 49
49 13 27 5 6 37 11 16 16 42
5 46 30 37 41 30 34 33 17 4

13 29 13 39 18 8 26 36 15 16
25 7 42 15 13 6 11 15 6 27
47 38 4 47 4 38 48 20 7 11
30 45 49 8 24 2 14 1 15 35
16 48 7 28 10 28 34 5 18 45
40 38 14 10 36 8 17 26 1 20
5 1 39 45 29 31 13 32 23 44
30 16 24 12 11 21 7 2 5 32
46 12 5 36 4 16 36 4 1 37
11 34 6 14 35 40 1 40 34 7

16 34 48 7 30 1 18 4 38 27
2 12 48 38 22 19 44 18 30 30
21 3 11 3 43 43 5 27 29 7
8 39 22 16 24 6 10 16 32 39
17 39 40 4 15 6 1 45 49 3
46 28 25 6 11 16 37 24 47 44
31 22 40 4 36 47 13 20 24 21
25 39 15 1 15 39 49 9 21 49
17 3 34 21 34 5 39 29 1 47
10 36 31 39 41 49 41 29 30 13

2 40 21 6 6 27 37 5 45 43
42 10 27 16 5 10 13 40 49 44
41 7 8 26 25 40 24 11 5 28
10 28 48 2 22 47 41 15 32 30
30 5 42 39 17 37 13 42 21 2
15 21 47 21 48 19 35 46 18 35
15 37 40 36 16 28 3 42 10 32
31 41 16 6 19 11 46 7 32 30
19 11 40 24 12 47 40 32 14 36
2 42 15 45 3 6 21 7 14 9

Due dates (uniform distribution):
1289 100
2140 100
689 100
1874 100
934 100
2316 100
783 100
1480 100
1795 100
1567 100
