Processing time:
74 70 84 63 72
26 92 20 61 91
84 36 64 46 21
41 70 44 6 70
3 37 69 83 12
46 36 63 49 67
39 42 94 78 65
90 34 86 84 90
62 29 66 97 47
63 80 97 56 82

Setup time:
7 37 13 42 21 2 23 19 45 31
48 19 35 46 18 35 19 18 21 17
16 28 5 42 10 32 22 34 32 47
19 11 46 10 32 30 23 3 41 24
12 47 40 32 9 36 45 10 35 6
3 6 21 7 14 18 39 29 26 9
39 37 25 20 39 13 12 16 35 5
21 22 6 30 26 22 31 1 43 10
43 44 18 26 18 3 21 15 2 2
3 17 2 13 31 46 34 26 24 6

15 30 6 34 42 4 42 21 22 37
45 18 6 3 8 8 32 3 33 27
45 23 9 4 39 47 14 24 5 8
24 3 40 4 13 16 42 23 11 15
1 39 45 39 14 46 16 48 42 45
2 45 38 48 17 6 12 23 18 35
18 40 4 14 11 33 10 49 48 34
36 10 10 4 10 22 30 4 26 27
31 38 31 33 1 29 9 13 5 23
1 38 4 8 34 3 15 20 17 15

5 48 7 14 40 3 33 11 26 26
20 4 28 38 6 27 33 22 48 47
39 31 3 5 32 35 24 26 9 13
31 3 46 10 14 13 44 13 3 45
6 28 37 10 5 33 40 1 44 10
6 32 49 35 1 15 1 7 16 23
17 14 49 30 6 36 16 6 14 40
1 42 21 9 24 24 15 5 33 20
7 34 49 28 35 43 48 44 4 16
17 36 40 3 40 11 18 33 4 3

18 14 14 31 17 9 32 37 13 14
31 14 13 31 32 4 7 8 2 16
37 37 1 23 17 25 23 11 41 21
38 35 45 3 43 36 16 25 38 41
49 38 26 22 13 39 32 2 9 23
35 29 8 25 26 17 25 28 38 24
4 32 45 19 46 13 1 10 21 44
7 1 12 36 12 31 8 18 17 46
1 45 48 46 2 26 48 26 5 19
23 30 36 17 25 13 7 10 25 13

13 25 48 25 19 14 4 35 25 39
11 18 9 26 26 8 1 49 31 36
21 48 14 34 1 29 37 31 4 44
36 48 45 16 24 46 2 22 14 18
29 24 19 2 17 15 14 31 36 49
5 21 36 30 23 4 27 35 22 25
46 45 14 43 38 18 2 15 3 38
41 49 15 19 24 29 14 7 45 44
9 38 41 44 24 30 13 26 1 32
45 35 41 24 4 27 13 3 43 13

Due dates (uniform distribution):
2342 100
639 100
1681 100
484 100
1250 100
1818 100
2219 100
1886 100
929 100
1767 100
