Processing time:
74 28 89 60 54
21 3 52 88 66
58 27 56 26 12
4 61 13 58 57
21 34 7 76 70
28 76 32 98 82
58 64 32 29 99

Setup time:
72 92 27 73 5 27 35
104 72 36 4 33 76 43
62 90 56 111 65 70 16
42 45 60 60 75 110 32
29 13 106 69 71 68 83
6 6 49 73 39 62 115
51 70 98 92 30 4 50

61 58 75 23 122 16 8
108 58 96 118 11 71 36
27 34 57 49 38 57 22
63 10 33 72 17 26 18
102 72 95 73 54 13 3
124 79 104 88 105 62 104
9 67 10 91 37 94 52

66 38 87 94 109 84 77
90 73 36 90 6 94 52
25 18 67 39 100 12 8
86 61 13 65 118 72 5
37 92 102 90 71 25 29
31 70 71 72 80 54 109
117 86 99 66 120 19 53

57 4 2 36 64 83 3
65 57 5 105 60 7 124
1 100 68 49 109 120 69
90 73 5 57 88 32 118
98 71 45 103 59 71 92
92 67 5 42 57 50 116
25 76 114 10 113 37 52

59 88 65 60 23 68 110
14 65 101 1 77 32 113
97 20 66 89 25 28 106
84 49 25 63 1 119 63
55 64 74 118 52 116 87
72 118 27 26 117 66 89
118 82 56 19 119 22 59

Due dates (uniform distribution):
552 100
1579 100
1439 100
816 100
2011 100
1300 100
1910 100
