*****************N-31 Tabu BENDERS RESULTs  *****************
Job sequence: 4, 2, 3, 4, 3, 3, 4, 2, 2, 9, 10, 1, 10, 10, 9, 9, 1, 1, 5, 8, 8, 8, 5, 5, 6, 6, 6, 7, 7, 7 Number of sublots: 1, 1, 1, 1, 1, 1, 1, 1, 1, 1, 1, 1, 1, 1, 1, 1, 1, 1, 1, 1, 1, 1, 1, 1, 1, 1, 1, 1, 1, 1

*****************N-32 Tabu BENDERS RESULTs  *****************
Job sequence: 5, 5, 5, 4, 7, 4, 3, 4, 3, 3, 9, 9, 9, 8, 8, 8, 1, 1, 1, 6, 6, 6, 2, 2, 2, 7, 7, 10, 10, 10 Number of sublots: 1, 1, 1, 1, 1, 1, 1, 1, 1, 1, 1, 1, 1, 1, 1, 1, 1, 1, 1, 1, 1, 1, 1, 1, 1, 1, 1, 1, 1, 1

*****************N-33 Tabu BENDERS RESULTs  *****************
Job sequence: 4, 3, 4, 3, 9, 9, 9, 6, 6, 6, 8, 8, 8, 2, 2, 2, 5, 5, 5, 1, 1, 1, 7, 7, 7, 10, 10, 10 Number of sublots: 1, 1, 2, 2, 1, 1, 1, 1, 1, 1, 1, 1, 1, 1, 1, 1, 1, 1, 1, 1, 1, 1, 1, 1, 1, 1, 1, 1

*****************N-34 Tabu BENDERS RESULTs  *****************
Job sequence: 9, 5, 5, 5, 9, 9, 6, 6, 1, 3, 1, 4, 4, 1, 3, 7, 7, 7, 2, 2, 2, 8, 8, 10, 10 Number of sublots: 1, 1, 1, 1, 1, 1, 2, 1, 1, 1, 1, 2, 1, 1, 2, 1, 1, 1, 1, 1, 1, 1, 2, 1, 2

*****************N-35 Tabu BENDERS RESULTs  *****************
Job sequence: 8, 8, 5, 6, 10, 6, 10, 6, 10, 5, 5, 3, 2, 3, 2, 2, 3, 4, 9, 4, 9, 9, 7, 7, 7, 1, 1 Number of sublots: 1, 2, 1, 1, 1, 1, 1, 1, 1, 1, 1, 1, 1, 1, 1, 1, 1, 2, 1, 1, 1, 1, 1, 1, 1, 2, 1

*****************N-36 Tabu BENDERS RESULTs  *****************
Job sequence: 7, 4, 8, 10, 7, 8, 8, 10, 7, 4, 4, 10, 9, 6, 9, 6, 6, 9, 1, 1, 1, 2, 2, 2, 3, 3, 3, 5, 5, 5 Number of sublots: 1, 1, 1, 1, 1, 1, 1, 1, 1, 1, 1, 1, 1, 1, 1, 1, 1, 1, 1, 1, 1, 1, 1, 1, 1, 1, 1, 1, 1, 1

*****************N-37 Tabu BENDERS RESULTs  *****************
Job sequence: 6, 4, 10, 3, 3, 3, 4, 9, 10, 4, 10, 6, 1, 1, 1, 6, 9, 9, 8, 8, 8, 7, 2, 2, 2, 5, 5, 5, 7, 7 Number of sublots: 1, 1, 1, 1, 1, 1, 1, 1, 1, 1, 1, 1, 1, 1, 1, 1, 1, 1, 1, 1, 1, 1, 1, 1, 1, 1, 1, 1, 1, 1

*****************N-38 Tabu BENDERS RESULTs  *****************
Job sequence: 10, 2, 10, 4, 10, 3, 4, 3, 4, 3, 6, 2, 2, 6, 6, 1, 1, 1, 9, 9, 9, 5, 5, 7, 7, 8, 8 Number of sublots: 1, 1, 1, 1, 1, 1, 1, 1, 1, 1, 1, 1, 1, 1, 1, 1, 1, 1, 1, 1, 1, 2, 1, 1, 2, 2, 1

*****************N-39 Tabu BENDERS RESULTs  *****************
Job sequence: 8, 8, 6, 6, 8, 6, 1, 4, 1, 4, 1, 4, 10, 10, 10, 2, 2, 9, 9, 3, 3, 3, 5, 5, 5, 7, 7 Number of sublots: 1, 1, 1, 1, 1, 1, 1, 1, 1, 1, 1, 1, 1, 1, 1, 1, 2, 2, 1, 1, 1, 1, 1, 1, 1, 2, 1

*****************N-40 Tabu BENDERS RESULTs  *****************
Job sequence: 5, 4, 6, 4, 4, 6, 6, 3, 2, 7, 3, 2, 3, 2, 9, 7, 7, 10, 10, 9, 10, 9, 5, 5, 1, 1, 1, 8, 8, 8 Number of sublots: 1, 1, 1, 1, 1, 1, 1, 1, 1, 1, 1, 1, 1, 1, 1, 1, 1, 1, 1, 1, 1, 1, 1, 1, 1, 1, 1, 1, 1, 1

