*****************U-31 Tabu BENDERS RESULTs  *****************
Job sequence: 2, 7, 2, 3, 4, 2, 3, 4, 8, 8, 8, 7, 1, 5, 1, 9, 10, 6, 6, 6 Number of sublots: 1, 1, 1, 1, 2, 1, 2, 1, 1, 1, 1, 2, 1, 3, 2, 3, 3, 1, 1, 1

*****************U-32 Tabu BENDERS RESULTs  *****************
Job sequence: 9, 3, 7, 8, 9, 3, 9, 3, 7, 4, 5, 4, 7, 4, 6, 5, 6, 5, 6, 8, 8, 1, 2, 2, 2, 1, 1, 10, 10, 10 Number of sublots: 1, 1, 1, 1, 1, 1, 1, 1, 1, 1, 1, 1, 1, 1, 1, 1, 1, 1, 1, 1, 1, 1, 1, 1, 1, 1, 1, 1, 1, 1

*****************U-33 Tabu BENDERS RESULTs  *****************
Job sequence: 4, 3, 4, 7, 7, 2, 7, 2, 1, 3, 10, 10, 1, 5, 6, 8, 8, 9, 9, 9 Number of sublots: 1, 1, 2, 1, 1, 1, 1, 2, 1, 2, 2, 1, 2, 3, 3, 2, 1, 1, 1, 1

*****************U-34 Tabu BENDERS RESULTs  *****************
Job sequence: 3, 2, 3, 2, 2, 9, 10, 7, 7, 7, 5, 4, 5, 5, 6, 1, 1, 8, 8, 8 Number of sublots: 1, 1, 2, 1, 1, 3, 3, 1, 1, 1, 1, 3, 1, 1, 3, 1, 2, 1, 1, 1

*****************U-35 Tabu BENDERS RESULTs  *****************
Job sequence: 5, 8, 8, 3, 5, 5, 3, 3, 4, 1, 2, 10, 6, 10, 6, 9, 9, 9, 7, 7, 7 Number of sublots: 1, 1, 2, 1, 1, 1, 1, 1, 3, 3, 3, 1, 1, 2, 2, 1, 1, 1, 1, 1, 1

*****************U-36 Tabu BENDERS RESULTs  *****************
Job sequence: 1, 1, 2, 1, 2, 2, 8, 9, 9, 9, 7, 7, 8, 10, 3, 10, 3, 6, 5, 6, 5, 5, 6, 4, 4, 4 Number of sublots: 1, 1, 1, 1, 1, 1, 1, 1, 1, 1, 1, 2, 2, 2, 2, 1, 1, 1, 1, 1, 1, 1, 1, 1, 1, 1

*****************U-37 Tabu BENDERS RESULTs  *****************
Job sequence: 7, 3, 4, 3, 4, 3, 7, 1, 9, 10, 1, 9, 10, 6, 6, 2, 2, 2, 8, 8, 5, 5 Number of sublots: 1, 1, 1, 1, 2, 1, 2, 1, 2, 2, 2, 1, 1, 1, 2, 1, 1, 1, 1, 2, 2, 1

*****************U-38 Tabu BENDERS RESULTs  *****************
Job sequence: 8, 7, 8, 5, 4, 5, 4, 3, 10, 6, 6, 1, 1, 1, 2, 2, 2, 9, 9 Number of sublots: 1, 3, 2, 2, 1, 1, 2, 3, 3, 1, 2, 1, 1, 1, 1, 1, 1, 2, 1

*****************U-39 Tabu BENDERS RESULTs  *****************
Job sequence: 1, 8, 5, 5, 5, 7, 3, 7, 3, 7, 3, 8, 9, 1, 4, 9, 10, 6, 2, 2 Number of sublots: 1, 1, 1, 1, 1, 1, 1, 1, 1, 1, 1, 2, 1, 2, 3, 2, 3, 3, 1, 2

*****************U-40 Tabu BENDERS RESULTs  *****************
Job sequence: 5, 9, 4, 5, 4, 2, 9, 8, 9, 10, 2, 3, 2, 3, 8, 10, 10, 8, 6, 6, 6, 7, 7, 7, 1, 1, 1 Number of sublots: 1, 1, 1, 2, 2, 1, 1, 1, 1, 1, 1, 2, 1, 1, 1, 1, 1, 1, 1, 1, 1, 1, 1, 1, 1, 1, 1

