Processing time:
49 3 60 12 75
49 53 88 47 19
15 59 15 46 60
18 7 26 17 87
65 65 11 43 27
55 58 16 16 48
1 24 55 91 72
79 55 59 94 88
10 26 81 73 48
37 40 53 89 59

Setup time:
1 5 5 2 2 6 5 1 8 1
4 1 1 5 6 1 6 6 3 5
2 4 1 6 8 2 3 1 2 5
2 9 4 1 2 5 5 2 4 2
7 1 1 7 2 7 2 6 8 3
9 4 9 2 7 1 3 6 5 3
3 5 6 4 6 7 3 7 8 4
7 6 9 1 1 5 4 3 2 8
6 2 4 8 5 6 4 9 3 8
6 9 7 6 1 1 7 3 5 3

2 6 3 3 1 3 8 3 1 6
7 2 2 6 4 3 2 6 7 7
5 1 2 8 3 5 5 1 5 1
4 4 5 2 6 4 3 7 6 6
7 2 1 5 2 2 3 2 4 9
5 9 6 6 9 2 4 1 5 5
3 4 8 9 2 9 1 9 5 6
9 7 3 4 8 3 7 1 2 6
2 9 3 1 9 9 8 1 2 9
3 1 4 6 9 8 6 6 1 2

3 2 1 7 6 2 1 2 3 9
3 3 2 6 4 3 8 1 4 4
1 3 3 1 7 3 2 7 2 6
5 8 5 3 1 7 4 9 7 9
9 2 6 7 1 9 5 7 8 7
1 9 1 2 1 3 1 4 2 3
3 5 6 7 6 3 2 1 4 1
7 2 1 4 7 6 5 3 1 8
4 2 8 4 2 7 1 5 2 4
1 3 3 6 1 2 7 4 7 1

2 7 4 6 2 8 8 9 9 2
4 3 1 6 9 5 9 8 1 7
8 6 3 5 7 6 6 5 9 4
2 4 9 2 4 2 6 5 6 4
2 7 4 6 3 1 5 8 4 4
4 4 1 9 8 2 8 4 1 9
4 4 4 9 9 3 3 3 4 5
9 2 7 3 8 8 9 3 1 9
4 4 6 9 8 4 6 2 3 4
5 8 9 7 7 6 2 8 3 2

3 4 3 8 8 7 6 9 2 5
7 3 2 8 2 7 1 6 1 1
1 2 3 5 5 7 2 5 7 4
9 4 5 3 7 6 6 3 1 3
3 4 3 5 1 9 8 4 9 2
1 4 6 5 8 1 3 6 8 8
6 7 2 4 1 5 1 2 2 9
8 5 5 6 3 6 5 2 6 2
5 7 5 7 4 5 3 3 1 7
2 5 9 1 6 1 8 4 3 2

Due dates (exponential distribution):
1640
1031
529
395
1168
784
1801
623
513
2117
