Processing time:
64 43 9 38 2
44 97 87 85 74
58 49 3 29 16
7 2 15 26 21
69 54 55 23 10
12 12 5 28 98
5 31 8 19 74
69 52 94 10 84
46 29 60 72 55
23 98 18 33 19

Setup time:
1 6 4 6 1 7 2 1 7 5
7 2 4 9 5 1 5 2 3 5
2 2 3 1 8 1 2 5 1 1
5 1 6 1 4 8 3 3 3 3
6 4 1 9 3 1 7 2 2 1
8 3 5 2 1 2 8 2 9 7
5 6 1 1 5 6 1 2 9 3
2 5 1 8 1 1 4 1 8 7
3 6 7 5 1 9 6 3 1 9
5 7 6 3 5 3 9 9 7 2

1 5 7 9 8 4 3 7 3 8
4 1 2 5 1 6 4 4 1 6
7 7 3 6 5 5 4 1 7 8
8 4 3 3 2 5 3 5 8 1
2 4 5 6 1 6 2 7 4 1
2 6 7 9 1 3 7 9 9 8
3 4 3 8 6 4 1 7 6 6
3 9 4 8 5 5 5 1 4 2
9 7 9 5 3 5 7 6 3 2
4 6 7 8 3 3 9 1 7 3

2 2 6 5 4 9 9 5 6 2
5 3 4 9 7 4 7 3 2 2
5 9 1 6 4 9 8 3 5 8
6 7 1 3 4 1 1 7 7 9
9 9 6 5 3 5 6 5 3 8
4 2 1 7 1 1 5 8 3 5
4 8 8 3 1 2 3 3 6 4
4 3 5 9 9 5 6 2 3 1
4 7 4 1 6 6 2 2 1 2
6 2 5 3 9 1 8 5 5 1

3 9 2 8 1 2 4 9 8 2
6 3 6 7 3 9 5 5 3 1
7 1 1 7 9 2 7 8 1 3
3 1 2 3 2 7 3 2 2 6
9 8 4 7 3 2 3 5 5 2
3 8 3 5 7 1 1 5 6 1
2 7 9 5 1 6 2 1 7 8
4 6 7 4 2 1 6 2 3 2
8 7 9 7 6 6 7 4 3 3
5 8 4 9 7 9 8 8 6 3

1 7 5 5 2 9 6 6 3 9
1 3 7 2 5 7 2 4 4 2
2 4 2 7 9 6 9 1 5 6
5 7 8 3 1 2 3 1 4 3
7 3 3 2 3 1 4 5 5 5
1 9 9 7 1 2 6 7 7 2
3 4 6 2 5 1 2 6 7 9
3 6 8 1 3 8 2 3 9 4
3 3 5 3 3 4 6 3 1 8
4 8 5 7 9 2 6 5 9 3

Due dates (exponential distribution):
492
1739
501
857
1954
1265
2127
978
954
563
