Processing time:
74 70 84 63 72
26 92 20 61 91
84 36 64 46 21
41 70 44 6 70
3 37 69 83 12
46 36 63 49 67
39 42 94 78 65

Setup time:
64 92 33 104 51 3 57
121 69 88 115 45 87 46
40 70 65 105 24 80 56
48 27 115 61 79 76 57
30 118 100 81 68 90 114
6 14 52 17 35 60 97
97 92 63 51 98 32 54

74 74 14 86 106 9 106
113 68 15 6 19 20 80
113 58 55 10 98 119 35
59 6 101 61 31 39 104
2 97 114 98 64 116 40
4 112 95 121 41 70 29
45 100 10 34 27 82 69

61 120 16 35 101 8 82
50 55 71 96 14 68 82
99 79 74 11 81 89 61
77 7 115 52 35 32 110
15 70 94 26 56 83 102
14 80 122 88 2 70 1
43 34 124 76 14 90 57

51 34 35 78 42 22 79
79 73 33 77 81 9 17
92 93 60 57 42 62 58
97 89 113 67 109 90 41
123 95 65 54 58 98 80
89 73 18 63 66 68 64
10 79 114 47 115 31 63

59 63 120 62 47 34 10
27 67 21 64 65 19 1
51 122 65 84 1 72 92
91 120 114 58 61 115 4
73 59 47 3 57 36 35
12 52 89 74 57 61 67
116 113 35 107 95 45 72

Due dates (exponential distribution):
2304
1133
1884
750
2204
1728
1799
