Processing time:
49 3 60 12 75
49 53 88 47 19
15 59 15 46 60
18 7 26 17 87
65 65 11 43 27
55 58 16 16 48
1 24 55 91 72

Setup time:
9 24 25 8 9 32 27
17 14 1 26 30 3 33
9 22 5 30 44 8 13
9 48 21 1 6 24 23
34 2 1 35 15 37 10
48 21 47 8 35 18 16
15 26 33 19 31 36 7

12 31 14 14 1 15 43
37 16 9 29 19 16 8
27 1 8 42 16 26 25
19 18 26 4 33 20 16
35 9 2 25 11 10 16
24 45 32 30 45 15 19
14 19 41 47 6 45 13

17 9 5 37 31 9 6
16 18 8 28 21 16 42
4 14 12 6 36 14 6
27 42 22 12 3 38 20
47 11 31 36 10 48 25
1 45 3 9 5 9 2
13 23 31 35 32 15 5

2 39 18 28 8 40 41
17 19 1 29 47 24 45
43 31 7 22 36 29 31
8 19 47 2 17 10 29
7 35 20 30 17 3 24
17 18 5 48 42 2 43
18 19 22 44 47 17 3

2 22 13 42 43 36 29
37 7 10 41 6 35 3
1 11 11 27 23 34 8
47 18 23 4 33 33 33
15 20 14 25 4 49 39
1 21 30 26 41 16 15
30 35 10 22 1 26 10

Due dates (uniform distribution):
1493 100
857 100
1342 100
715 100
1850 100
1917 100
529 100
