Processing time:
47 80 51 63 60
77 46 79 22 20
66 37 35 47 13
13 86 63 46 64
77 85 18 72 67
20 67 67 16 25
29 22 73 35 39

Setup time:
5 23 38 33 7 38 10
3 13 40 23 19 43 43
2 15 10 26 40 17 31
5 48 41 18 31 11 24
47 20 31 13 1 30 10
43 25 3 3 36 8 35
14 13 49 32 33 8 16

11 26 26 29 4 28 46
19 4 8 35 6 49 39
19 10 6 33 29 2 12
42 41 12 2 14 21 17
28 45 45 32 10 45 30
22 44 31 47 20 4 22
9 16 31 48 6 41 10

10 1 24 10 47 20 7
14 3 43 2 35 31 46
1 13 3 36 23 26 20
37 28 31 14 36 23 37
39 12 35 23 3 39 27
32 13 3 3 38 6 47
6 28 17 2 49 10 5

6 47 45 44 28 47 7
23 10 20 29 42 35 34
45 30 11 14 12 29 42
32 38 12 19 27 44 22
34 18 9 15 8 33 15
6 13 8 34 12 6 3
32 47 16 11 13 26 14

1 48 42 45 3 18 17
46 5 12 3 13 31 17
40 17 17 44 26 32 49
16 27 32 5 29 14 43
22 41 4 6 19 7 38
30 36 7 32 15 11 43
47 10 31 30 18 28 10

Due dates (uniform distribution):
472 100
771 100
1233 100
2271 100
1516 100
2151 100
883 100
