Processing time:
74 70 84 63 72
26 92 20 61 91
84 36 64 46 21
41 70 44 6 70
3 37 69 83 12
46 36 63 49 67
39 42 94 78 65

Setup time:
53 74 26 84 41 3 46
97 51 70 92 36 70 37
32 56 57 84 20 64 44
38 22 92 57 63 61 46
24 95 80 65 40 72 91
5 11 41 14 28 52 78
78 74 51 41 78 26 43

40 59 11 69 85 7 85
90 45 12 5 15 16 64
90 46 54 8 78 95 28
47 5 81 45 25 31 83
1 77 91 78 58 93 32
4 90 76 97 33 43 23
36 80 8 27 21 66 51

48 96 13 28 81 6 66
40 52 57 77 11 54 66
79 63 48 9 65 71 49
61 6 92 46 28 25 88
12 56 75 21 54 67 81
11 64 98 70 1 50 1
35 27 99 61 11 72 45

54 27 28 62 34 18 63
63 49 27 61 65 7 14
73 75 45 46 34 50 47
77 71 90 53 87 72 33
98 76 52 43 46 79 64
71 59 15 50 53 44 51
8 63 91 38 92 25 49

44 51 96 50 38 28 8
22 48 17 51 52 15 1
41 97 51 67 1 58 73
72 96 91 49 49 92 3
58 48 37 3 43 29 28
10 42 72 59 45 53 54
92 91 28 86 76 36 54

Due dates (uniform distribution):
760 100
2287 100
1218 100
1985 100
1976 100
1457 100
1712 100
