Processing time:
74 28 89 60 54
21 3 52 88 66
58 27 56 26 12
4 61 13 58 57
21 34 7 76 70
28 76 32 98 82
58 64 32 29 99

Setup time:
42 74 21 58 4 21 28
83 47 28 3 27 61 34
49 72 50 89 52 56 13
34 36 48 57 60 88 26
24 10 85 55 42 54 66
5 5 39 58 31 58 92
40 56 79 74 24 3 59

55 46 60 19 97 13 7
87 47 77 94 9 57 29
22 27 52 39 31 46 18
50 8 26 54 14 21 15
81 57 76 59 45 11 2
99 63 83 70 84 48 83
7 54 8 73 30 75 46

50 31 70 75 87 67 62
72 56 29 72 5 75 42
20 15 45 31 80 10 6
69 49 11 54 94 57 4
30 73 81 72 43 20 23
25 56 57 57 64 53 87
94 69 80 53 96 15 45

45 4 1 29 51 67 2
52 45 4 84 48 6 99
1 80 44 39 87 96 56
72 59 4 52 70 26 94
78 57 36 82 40 57 73
74 54 4 33 46 54 93
20 61 91 8 91 30 52

53 70 52 48 18 54 88
11 43 81 1 61 26 91
77 16 47 71 20 22 85
67 40 20 40 1 95 50
44 51 59 94 59 93 70
57 94 22 21 93 58 71
94 65 45 15 95 18 48

Due dates (uniform distribution):
2102 100
631 100
1300 100
702 100
1886 100
2647 100
1019 100
