Processing time:
80 59 59 31 30
13 83 70 64 88
64 85 76 11 14
77 85 10 9 22
17 70 65 32 93
78 35 19 58 48
82 2 77 98 10

Setup time:
41 80 13 64 77 17 78
30 56 59 83 85 85 70
59 82 58 59 70 76 10
55 70 32 56 31 64 11
22 95 73 77 48 30 88
34 77 81 11 10 53 53
72 29 36 48 57 95 54

40 11 21 85 6 40 68
63 56 92 62 11 83 87
81 92 47 68 46 56 88
63 58 36 58 64 52 8
47 66 19 66 42 61 60
49 83 48 13 78 47 96
75 45 98 90 4 23 44

49 97 38 57 23 40 63
29 56 62 59 91 85 34
68 23 43 50 90 39 34
1 65 87 43 78 56 9
65 93 39 1 55 36 43
54 87 85 4 72 55 85
43 41 80 4 31 19 40

40 20 78 38 26 64 62
97 48 88 30 34 33 21
31 49 57 9 41 22 34
17 2 19 53 71 27 55
41 85 75 38 44 13 11
58 23 79 99 23 57 61
68 75 37 13 65 7 40

57 19 60 82 15 19 5
10 40 92 93 54 58 51
65 11 58 6 99 64 74
40 43 66 59 60 4 1
19 72 22 10 57 27 69
73 31 11 60 57 51 88
91 27 17 13 21 82 46

Due dates (uniform distribution):
2416 100
830 100
2077 100
577 100
1213 100
1815 100
2743 100
