Processing time:
74 28 89 60 54
21 3 52 88 66
58 27 56 26 12
4 61 13 58 57
21 34 7 76 70
28 76 32 98 82
58 64 32 29 99

Setup time:
1 37 11 29 2 11 14
41 7 14 2 14 30 17
25 36 6 44 26 28 7
17 18 24 12 30 44 13
12 5 42 28 2 27 33
3 3 20 29 16 8 46
20 28 39 37 12 2 17

8 23 30 9 48 7 4
43 4 38 47 4 28 15
11 14 11 19 15 23 9
25 4 13 16 7 10 8
40 29 38 29 2 6 1
49 31 41 35 42 8 41
4 27 4 36 15 37 15

6 15 35 37 43 34 31
36 8 15 36 3 38 21
10 8 11 16 40 5 3
34 24 6 15 47 29 2
15 37 40 36 19 10 12
13 28 28 29 32 5 43
47 34 40 26 48 8 15

10 2 1 15 26 33 1
26 8 2 42 24 3 49
1 40 4 20 44 48 28
36 29 2 19 35 13 47
39 28 18 41 10 28 37
37 27 2 17 23 2 46
10 30 45 4 45 15 17

10 35 26 24 9 27 44
6 12 40 1 31 13 45
39 8 3 36 10 11 42
33 20 10 8 1 47 25
22 25 29 47 8 46 35
29 47 11 11 46 7 35
47 33 23 8 47 9 13

Due dates (exponential distribution):
1873
531
862
1488
1736
2206
1266
