Processing time:
80 59 59 31 30
13 83 70 64 88
64 85 76 11 14
77 85 10 9 22
17 70 65 32 93
78 35 19 58 48
82 2 77 98 10

Setup time:
8 40 7 32 38 8 39
15 19 29 42 42 43 35
30 41 19 29 35 38 5
28 35 16 5 15 32 6
11 47 36 39 4 15 44
17 38 40 6 5 7 27
36 15 18 24 29 47 12

6 6 10 42 3 20 34
31 13 46 31 6 41 43
40 46 13 34 23 28 44
31 29 18 15 32 26 4
24 33 9 33 5 30 30
24 41 24 7 39 14 48
37 23 49 45 2 12 17

12 48 19 29 12 20 31
14 9 31 30 45 42 17
34 11 14 25 45 19 17
1 32 43 11 39 28 4
33 46 20 1 2 18 22
27 43 42 2 36 19 42
22 21 40 2 16 9 9

13 10 39 19 13 32 31
48 4 44 15 17 17 10
15 24 18 5 21 11 17
9 1 10 16 35 14 28
21 43 38 19 16 7 6
29 11 39 49 12 11 31
34 37 18 7 32 4 17

11 10 30 41 8 9 3
5 13 46 47 27 29 26
32 6 6 3 49 32 37
20 22 33 3 30 2 1
9 36 11 5 17 13 35
37 15 6 30 29 5 44
46 13 8 7 11 41 13

Due dates (exponential distribution):
2557
1869
723
1281
2076
550
1417
