Processing time:
15 28 77 1 45
64 4 36 59 73
64 43 57 95 59
48 93 15 49 63
9 1 81 90 54

Setup time:
18 8 32 32 24
28 8 14 2 22
33 21 24 39 18
8 6 17 6 1
4 46 43 31 21

10 32 48 25 6
25 5 43 18 9
11 28 9 22 13
8 7 37 8 10
9 22 1 11 13

10 13 14 1 12
3 8 42 36 39
16 15 12 21 45
32 18 15 24 4
27 41 26 22 12

21 3 43 23 27
7 21 26 1 31
22 15 23 46 46
16 34 20 18 41
40 30 24 7 16

15 49 1 43 22
31 14 4 1 22
47 29 12 32 1
47 4 7 13 6
46 18 13 44 14

Due dates (uniform distribution):
488 100
249 100
851 100
748 100
501 100
