**************U-6 SDST10**************
Job sequence:4,2,3,4,3,3,4,2,2,1,1,1,6,6,6,5,5,5,7,7,7,Number of sublots:1,1,1,1,1,1,1,1,1,1,1,1,1,1,1,1,1,1,1,1,1,

**************U-7 SDST10  **************
Job sequence:5,5,5,4,4,3,3,3,1,1,1,2,2,2,6,6,6,7,7,Number of sublots:1,1,1,2,1,1,1,1,1,1,1,1,1,1,1,1,1,2,1,

**************U-8 SDST10 **************
Job sequence:4,4,3,3,2,2,6,6,2,5,5,5,1,1,7,7,7,Number of sublots:1,2,1,2,1,1,1,2,1,1,1,1,2,1,1,1,1,

**************U-9 SDST10 **************
Job sequence:1,7,1,1,7,7,4,4,4,6,6,6,2,2,2,3,3,3,5,5,5,Number of sublots:1,1,1,1,1,1,1,1,1,1,1,1,1,1,1,1,1,1,1,1,1,

**************U-60 SDST10 **************
Job sequence:6,4,4,4,6,6,2,3,2,3,2,3,7,7,7,5,5,5,1,1,1,Number of sublots:1,1,1,1,1,1,1,1,1,1,1,1,1,1,1,1,1,1,1,1,1,

**************U-6 SDST50**************
Job sequence:2,7,2,2,3,3,4,7,7,5,4,5,1,1,1,6,6,6,Number of sublots:1,1,1,1,2,1,1,1,1,1,2,2,1,1,1,1,1,1,

**************U-7 SDST50  **************
Job sequence:6,3,6,3,3,4,7,4,7,7,2,2,2,5,5,5,1,1,1,Number of sublots:2,1,1,1,1,2,1,1,1,1,1,1,1,1,1,1,1,1,1,

**************U-8 SDST50 **************
Job sequence:4,7,4,7,2,2,3,3,1,5,6,Number of sublots:1,1,2,2,2,1,2,1,3,3,3,

**************U-9 SDST50 **************
Job sequence:1,2,1,2,1,2,7,7,7,5,3,3,5,5,6,4,4,4,Number of sublots:1,1,1,1,1,1,1,1,1,1,2,1,1,1,3,1,1,1,

**************N-5 SDST50 **************
Job sequence:2,4,4,2,2,3,5,5,3,6,6,7,7,7,1,1,1,Number of sublots:1,2,1,1,1,1,1,2,2,1,2,1,1,1,1,1,1,

**************U-6 SDST100**************
Job sequence:2,2,4,7,3,5,1,1,6,6,6,Number of sublots:1,2,3,3,3,3,2,1,1,1,1,

**************U-7 SDST100  **************
Job sequence:2,2,4,6,5,6,5,6,5,3,7,3,1,1,7,7,Number of sublots:2,1,3,1,1,1,1,1,1,1,1,2,2,1,1,1,

**************U-8 SDST100 **************
Job sequence:4,2,4,2,2,1,3,7,7,5,1,5,6,Number of sublots:1,1,2,1,1,2,3,2,1,1,1,2,3,

**************U-9 SDST100 **************
Job sequence:7,7,1,1,5,5,3,4,4,2,2,6,6,6,Number of sublots:1,2,1,2,2,1,3,2,1,1,2,1,1,1,

**************U-60 SDST100 **************
Job sequence:6,5,1,5,1,1,6,7,3,7,3,4,4,2,Number of sublots:1,1,1,2,1,1,2,2,2,1,1,1,2,3,

**************U-8 SDST125 **************
Job sequence:3,1,3,4,2,1,5,2,2,6,5,6,7,7,Number of sublots:1,1,2,3,1,2,1,1,1,2,2,1,2,1,

**************U-9 SDST125 **************
Job sequence:7,7,4,3,3,3,6,1,2,5,5,5,1,1,Number of sublots:1,2,3,1,1,1,3,1,3,1,1,1,1,1,

**************U-60 SDST125 **************
Job sequence:6,6,2,7,2,7,7,3,4,4,4,5,5,1,1,1,Number of sublots:2,1,1,1,2,1,1,3,1,1,1,1,2,1,1,1,

